-20.0
-20.0
-19.98
-19.9802
-19.980397999999997
-19.99059402
-19.9706880798
-19.970981199001997
-19.98127138701198
-19.97145867314186
-19.971744086410443
-19.982026645546338
-19.982206379090872
-19.982384315299964
-19.982560472146965
-19.992734867425497
-19.992807518751242
-19.99287944356373
-19.982950649128092
-19.993121142636813
-19.993189931210445
-19.98325803189834
-19.99342545157936
-20.003491197063568
-19.98345628509293
-19.993621722242004
-19.993685505019585
-19.98374864996939
-19.993911163469697
-20.003972051835
-20.01393233131665
-20.013793008003482
-20.023655077923447
-20.033418527144214
-20.043084341872774
-20.052653498454045
-20.062126963469506
-20.071505693834812
-20.080790636896463
-20.079982730527497
-20.089182903222223
-20.08829107419
-20.0774081634481
-20.08663408181362
-20.095767740995484
-20.10481006358553
-20.113761962949674
-20.12262434332018
-20.13139809988698
-20.14008411888811
-20.13868327769923
-20.147296444922237
-20.135823480473015
-20.144465245668286
-20.153020593211604
-20.14149038727949
-20.150075483406695
-20.148574728572626
-20.1570889812869
-20.16551809147403
-20.16386291055929
-20.172224281453698
-20.180502038639162
-20.18869701825277
-20.186810048070242
-20.19494194758954
-20.192992528113646
-20.20106260283251
-20.209051976804187
-20.216961457036145
-20.214791842465782
-20.212643924041124
-20.220517484800713
-20.228312309952706
-20.23602918685318
-20.243668894984648
-20.241232206034802
-20.248819883974456
-20.24633168513471
-20.253868368283364
-20.26132968460053
-20.268716387754523
-20.27602922387698
-20.283268931638208
-20.280436242321827
-20.28763187989861
-20.294755561099624
-20.291808005488626
-20.29888992543374
-20.305901026179406
-20.302842015917612
-20.30981359575844
-20.316715459800854
-20.323548305202845
-20.330312822150816
-20.337009693929307
-20.343639596990016
-20.35020320102012
-20.356701169009916
-20.363134157319816
-20.359502815746616
-20.36590778758915
-20.37224870971326
-20.35852622261613
-20.36494096038997
-20.361291550786067
-20.367678635278207
-20.374001848925424
-20.370261830436167
-20.376559212131806
-20.38279362001049
-20.388965683810383
-20.38507602697228
-20.381225266702554
-20.38741301403553
-20.393538883895175
-20.399603495056223
-20.39560746010566
-20.401651385504604
-20.40763487164956
-20.413558522933066
-20.419422937703736
-20.4252287083267
-20.430976421243432
-20.426666657030996
-20.432399990460688
-20.42807599055608
-20.43379523065052
-20.439457278344015
-20.445062705560577
-20.45061207850497
-20.45610595771992
-20.461544898142723
-20.466929449161295
-20.472260154669684
-20.47753755312299
-20.48276217759176
-20.47793455581584
-20.463155210257682
-20.468523658155107
-20.463838421573556
-20.469200037357822
-20.464508036984242
-20.4698629566144
-20.465164327048253
-20.47051268377777
-20.475807556939994
-20.481049481370594
-20.486238986556888
-20.48137659669132
-20.486562830724406
-20.471697202417165
-20.456980230392993
-20.452410428089063
-20.45788632380817
-20.46330746057009
-20.468674385964388
-20.473987642104746
-20.4792477656837
-20.48445528802686
-20.489610735146595
-20.49471462779513
-20.49976748151718
-20.494769806702006
-20.499822108634987
-20.494823887548637
-20.48987564867315
-20.49497689218642
-20.500027123264555
-20.50502685203191
-20.50997658351159
-20.514876817676477
-20.51972804949971
-20.524530769004716
-20.529285461314668
-20.53399260670152
-20.538652680634506
-20.54326615382816
-20.54783349228988
-20.552355157366982
-20.556831605793313
-20.56126328973538
-20.565650656838027
-20.569994150269647
-20.56429420876695
-20.558651266679277
-20.563064754012483
-20.56743410647236
-20.561759765407633
-20.54614216775356
-20.550680746076022
-20.555173938615262
-20.54962219922911
-20.55412597723682
-20.558584717464452
-20.562998870289807
-20.56736888158691
-20.55169519277104
-20.55617824084333
-20.550616458434895
-20.545110293850545
-20.549659190912042
-20.55416259900292
-20.558620973012893
-20.553034763282763
-20.557504415649937
-20.561929371493438
-20.566310077778503
-20.57064697700072
-20.574940507230714
-20.579191102158408
-20.583399191136824
-20.587565199225455
-20.5816895472332
-20.575872651760868
-20.58011392524326
-20.58431278599083
-20.588469658130922
-20.592584961549612
-20.596659111934116
-20.580692520814775
-20.554885595606628
-20.55933673965056
-20.563743372254056
-20.568105938531517
-20.5724248791462
-20.566700630354738
-20.571033624051193
-20.555323287810683
-20.549770054932576
-20.55427235438325
-20.55872963083942
-20.553142334531024
-20.557610911185716
-20.55203480207386
-20.54651445405312
-20.53104930951259
-20.535738816417464
-20.53038142825329
-20.525077613970755
-20.519826837831047
-20.514628569452736
-20.519482283758208
-20.504287460920626
-20.50924458631142
-20.514152140448306
-20.519010619043826
-20.523820512853387
-20.518582307724852
-20.523396484647606
-20.51816251980113
-20.52298089460312
-20.527751085657087
-20.502473574800515
-20.467448839052512
-20.462774350661984
-20.468146607155365
-20.47346514108381
-20.478730489672973
-20.483943184776244
-20.489103752928482
-20.494212715399197
-20.489270588245205
-20.48437788236275
-20.479534103539123
-20.48473876250373
-20.489891374878695
-20.494992461129907
-20.490042536518608
-20.495142111153424
-20.49019069004189
-20.495288783141472
-20.50033589531006
-20.49533253635696
-20.50037921099339
-20.495375418883455
-20.50042166469462
-20.505417448047673
-20.510363273567197
-20.515259640831527
-20.520107044423213
-20.52490597397898
-20.519656914239192
-20.5144603450968
-20.519315741645833
-20.494122584229373
-20.48918135838708
-20.47428954480321
-20.469546649355177
-20.474851182861627
-20.47010267103301
-20.47540164432268
-20.47064762787945
-20.475941151600658
-20.47118174008465
-20.476469922683805
-20.471705223456965
-20.466988171222393
-20.46231828951017
-20.467695106615068
-20.473018155548917
-20.478287973993428
-20.483505094253495
-20.48867004331096
-20.49378334287785
-20.48884550944907
-20.49395705435458
-20.499017483811038
-20.494027308972928
-20.4890870358832
-20.494196165524368
-20.499254203869125
-20.504261661830434
-20.50921904521213
-20.474126854760012
-20.44938558621241
-20.454891730350287
-20.460342813046786
-20.455739384916317
-20.461181991067154
-20.466570171156484
-20.47190446944492
-20.46718542475047
-20.472513570502965
-20.467788434797935
-20.463110550449954
-20.458479444945453
-20.443894650496
-20.439455703991037
-20.435061146951124
-20.440710535481614
-20.436303430126795
-20.44194039582553
-20.447520991867275
-20.433045781948604
-20.438715324129117
-20.444328170887825
-20.439884889178945
-20.445486040287157
-20.451031179884286
-20.456520868085445
-20.46195565940459
-20.467336102810545
-20.47266274178244
-20.477936114364617
-20.48315675322097
-20.488325185688762
-20.483441933831873
-20.488607514493555
-20.49372143934862
-20.488784224955133
-20.48389638270558
-20.489057418878527
-20.484166844689742
-20.489325176242847
-20.49443192448042
-20.499487605235615
-20.494492729183257
-20.499547801891424
-20.50455232387251
-20.509506800633787
-20.51441173262745
-20.519267615301178
-20.524074939148168
-20.528834189756687
-20.52354584785912
-20.52831038938053
-20.533027285486725
-20.53769701263186
-20.53232004250554
-20.536996842080484
-20.51162687365968
-20.516510604923084
-20.521345498873853
-20.526132043885116
-20.520870723446265
-20.525662016211804
-20.530405396049687
-20.52510134208919
-20.5298503286683
-20.524551825381614
-20.5293063071278
-20.524013244056523
-20.52877311161596
-20.5334853804998
-20.538150526694803
-20.542769021427855
-20.547341331213577
-20.551867917901443
-20.55634923872243
-20.550785746335205
-20.555277888871853
-20.559725109983134
-20.5541278588833
-20.55858658029447
-20.563000714491526
-20.55737070734661
-20.561797000273145
-20.566179030270415
-20.57051723996771
-20.574812067568033
-20.579063946892354
-20.57327330742343
-20.557540574349197
-20.561965168605706
-20.56634551691965
-20.56068206175045
-20.56507524113295
-20.56942448872162
-20.563730243834403
-20.55809294139606
-20.552512011982095
-20.546986891862275
-20.551517022943653
-20.556001852714218
-20.560441834187078
-20.564837415845208
-20.549189041686756
-20.553697151269887
-20.558160179757188
-20.552578577959615
-20.55705279218002
-20.56148226425822
-20.555867441615636
-20.56030876719948
-20.564705679527485
-20.56905862273221
-20.57336803650489
-20.567634356139838
-20.57195801257844
-20.576238432452655
-20.57047604812813
-20.574771287646847
-20.57902357477038
-20.583233339022676
-20.58740100563245
-20.591526995576128
-20.59561172562037
-20.599655608364166
-20.603659052280527
-20.567622461757722
-20.571946237140146
-20.546226774768744
-20.550764507021057
-20.55525686195085
-20.549704293331338
-20.554207250398026
-20.548665177894044
-20.553178526115104
-20.557646740853954
-20.562070273445414
-20.55644957071096
-20.560885075003853
-20.545276224253815
-20.54982346201128
-20.554325227391168
-20.558781975117256
-20.563194155366084
-20.53756221381242
-20.542186591674298
-20.536764725757553
-20.54139707849998
-20.54598310771498
-20.550523276637833
-20.555018043871456
-20.549467863432742
-20.553973184798416
-20.538433452950432
-20.543049118420928
-20.537618627236718
-20.52224244096435
-20.527020016554708
-20.531749816389162
-20.53643231822527
-20.54106799504302
-20.54565731509259
-20.530200741941666
-20.53489873452225
-20.53954974717703
-20.54415424970526
-20.53871270720821
-20.543325580136127
-20.537892324334766
-20.54251340109142
-20.547088267080504
-20.5516173844097
-20.556101210565604
-20.56054019845995
-20.564934796475352
-20.5692854485106
-20.57359259402549
-20.567856668085234
-20.572178101404383
-20.566456320390337
-20.570791757186434
-20.57508383961457
-20.569333001218425
-20.57363967120624
-20.57790327449418
-20.56212424174924
-20.546502999331747
-20.53103796933843
-20.525727589645047
-20.520470313748596
-20.52526561061111
-20.530012954505
-20.53471282495995
-20.52936569671035
-20.534072039743247
-20.538731319345814
-20.543344006152356
-20.547910566090835
-20.552431460429926
-20.556907145825626
-20.56133807436737
-20.555724693623695
-20.56016744668746
-20.564565772220586
-20.568920114498383
-20.5732309133534
-20.567498604219864
-20.571823618177667
-20.57610538199589
-20.580344328175933
-20.574540884894173
-20.56879547604523
-20.57310752128478
-20.56737644607193
-20.57170268161121
-20.575985654795097
-20.56022579824715
-20.564623540264677
-20.56897730486203
-20.57328753181341
-20.577554656495277
-20.581779109930324
-20.57596131883102
-20.57020170564271
-20.56449968858628
-20.56885469170042
-20.573166144783418
-20.577434483335583
-20.571660138502228
-20.575943537117205
-20.580184101746035
-20.584382260728574
-20.58853843812129
-20.59265305374008
-20.586726523202678
-20.590859257970653
-20.594950665390947
-20.59900115873704
-20.593011147149667
-20.597081035678173
-20.59111022532139
-20.585199123068175
-20.589347131837496
-20.58345366051912
-20.587619123913928
-20.59174293267479
-20.595825503348042
-20.58986724831456
-20.59396857583142
-20.598028890073106
-20.602048601172374
-20.60602811516065
-20.609967834009044
-20.613868155668953
-20.60772947411226
-20.611652179371138
-20.605535657577427
-20.609480301001653
-20.613385497991636
-20.61725164301172
-20.6110791265816
-20.614968335315787
-20.61881865196263
-20.622630465443006
-20.60640416078858
-20.610340119180695
-20.614236717988888
-20.608094350808997
-20.602013407300905
-20.605993273227895
-20.609933340495616
-20.603834007090658
-20.59779566701975
-20.601817710349554
-20.59579953324606
-20.599841537913598
-20.603843122534464
-20.60780469130912
-20.61172664439603
-20.59560937795207
-20.58965328417255
-20.593756751330822
-20.597819183817514
-20.60184099197934
-20.60582258205955
-20.609764356238955
-20.613666712676565
-20.6175300455498
-20.6213547450943
-20.60514119764336
-20.609089785666928
-20.61299888781026
-20.616868898932157
-20.620700209942836
-20.624493207843408
-20.618248275764973
-20.61206579300732
-20.615945135077247
-20.619785683726477
-20.603587826889214
-20.607551948620323
-20.61147642913412
-20.59536166484278
-20.599408048194352
-20.60341396771241
-20.607379828035285
-20.61130602975493
-20.615192969457382
-20.61904103976281
-20.622850629365182
-20.61662212307153
-20.620455901840813
-20.624251342822404
-20.62800882939418
-20.63172874110024
-20.625411453689235
-20.629157339152343
-20.622865765760817
-20.62663710810321
-20.63037073702218
-20.61406702965196
-20.61792635935544
-20.611747095761885
-20.605629624804266
-20.609573328556223
-20.60347759527066
-20.607442819317956
-20.601368391124776
-20.60535470721353
-20.609301160141396
-20.613208148539982
-20.617076067054583
-20.62090530638404
-20.6246962533202
-20.628449290786996
-20.632164797879128
-20.63584314990034
-20.629484718401333
-20.623189871217317
-20.616957972505144
-20.61078839278009
-20.61468050885229
-20.61853370376377
-20.622348366726133
-20.62612488305887
-20.629863634228283
-20.613564997886
-20.61742934790714
-20.62125505442807
-20.61504250388379
-20.61889207884495
-20.6127031580565
-20.616576126475938
-20.62041036521118
-20.624206261559067
-20.627964198943477
-20.611684556954042
-20.605567711384502
-20.58951203427066
-20.593616913927953
-20.587680744788674
-20.59180393734079
-20.59588589796738
-20.59992703898771
-20.60392776859783
-20.597888490911853
-20.601909606002735
-20.605890509942707
-20.60983160484328
-20.613733288794847
-20.5975959559069
-20.581619996347833
-20.585803796384354
-20.589945758420512
-20.594046300836307
-20.598105837827944
-20.602124779449664
-20.596103531655167
-20.590142496338615
-20.59424107137523
-20.598298660661477
-20.592315674054863
-20.596392517314314
-20.60042859214117
-20.58442430621976
-20.58858006315756
-20.592694262525985
-20.586767319900723
-20.590899646701715
-20.5949906502347
-20.599040743732353
-20.58305033629503
-20.567219832932082
-20.56154763460276
-20.565932158256732
-20.570272836674164
-20.554570108307423
-20.55902440722435
-20.553434163152104
-20.557899821520586
-20.56232082330538
-20.56669761507233
-20.571030638921606
-20.565320332532387
-20.569667129207065
-20.573970457914996
-20.578230753335845
-20.582448445802488
-20.586623961344465
-20.59075772173102
-20.59485014451371
-20.58890164306857
-20.583012626637885
-20.557182500371507
-20.561610675367792
-20.565994568614116
-20.570334622927977
-20.564631276698695
-20.568984963931708
-20.56329511429239
-20.567662163149468
-20.571985541517975
-20.576265686102797
-20.570503029241767
-20.57479799894935
-20.569050018959857
-20.57335951877026
-20.57762592358256
-20.571849664346733
-20.576131167703267
-20.570369856026232
-20.55466615746597
-20.559119495891313
-20.5635283009324
-20.567893017923076
-20.562214087743843
-20.566591946866406
-20.570926027397743
-20.565216767123765
-20.569564599452526
-20.573868953458003
-20.578130263923423
-20.58234896128419
-20.586525471671347
-20.590660216954635
-20.59475361478509
-20.58880607863724
-20.59291801785087
-20.58698883767236
-20.581118949295636
-20.58530775980268
-20.579454682204652
-20.583660135382605
-20.58782353402878
-20.59194529868849
-20.596025845701604
-20.60006558724459
-20.604064931372143
-20.59802428205842
-20.592044039237837
-20.59612359884546
-20.570162362857005
-20.554460739228436
-20.558916131836153
-20.563326970517792
-20.567693700812615
-20.57201676380449
-20.576296596166447
-20.580533630204783
-20.574728293902734
-20.578981010963705
-20.57319120085407
-20.55745928884553
-20.55188469595707
-20.5463658489975
-20.540902190507524
-20.545493168602448
-20.540038236916423
-20.52463785454726
-20.52939147600179
-20.514097561241776
-20.518956585629358
-20.523767019773064
-20.528529349575333
-20.53324405607958
-20.537911615518787
-20.5425324993636
-20.547107174369962
-20.541636102626263
-20.5362197416
-20.530857544184
-20.525548968742157
-20.530293479054738
-20.52499054426419
-20.529740638821547
-20.52444323243333
-20.519198800108995
-20.524006812107906
-20.52876674398683
-20.53347907654696
-20.53814428578149
-20.54276284292368
-20.547335214494442
-20.551861862349497
-20.556343243726005
-20.560779811288747
-20.55517201317586
-20.5596202930441
-20.544024090113663
-20.548583849212527
-20.5530980107204
-20.557567030613196
-20.541991360307065
-20.546571446703997
-20.55110573223696
-20.55559467491459
-20.560038728165445
-20.554438340883788
-20.55889395747495
-20.5533050179002
-20.557771967721198
-20.562194248043987
-20.566572305563547
-20.56090658250791
-20.545297516682833
-20.539844541516004
-20.544446096100845
-20.539001635139837
-20.54361161878844
-20.548175502600557
-20.54269374757455
-20.537266810098803
-20.531894141997814
-20.536575200577836
-20.541209448572058
-20.54579735408634
-20.550339380545477
-20.544835986740022
-20.53938762687262
-20.533993750603894
-20.518653813097856
-20.52346727496688
-20.51823260221721
-20.52305027619504
-20.50781977343309
-20.50274157569876
-20.487714159941774
-20.492837018342357
-20.487908648158932
-20.473029561677343
-20.44829926606057
-20.443816273399964
-20.449378110665965
-20.454884329559306
-20.440335486263713
-20.445932131401076
-20.441472810087063
-20.43705808198619
-20.44268750116633
-20.448260626154667
-20.44377801989312
-20.44934023969419
-20.45484683729725
-20.450298368924276
-20.445795385235034
-20.451337431382683
-20.446824057068856
-20.45235581649817
-20.457832258333188
-20.463253935749858
-20.46862139639236
-20.473935182428438
-20.479195830604155
-20.484403872298113
-20.489559833575132
-20.49466423523938
-20.499717592886988
-20.50472041695812
-20.499673212788537
-20.49467648066065
-20.489729715854043
-20.4848324186955
-20.479984094508545
-20.47518425356346
-20.470432411027822
-20.475728086917545
-20.47097080604837
-20.446261097987886
-20.441798487008008
-20.44738050213793
-20.44290669711655
-20.448477630145383
-20.453992853843932
-20.45945292530549
-20.454858396052437
-20.440309812091915
-20.445906713970995
-20.431447646831288
-20.437133170362976
-20.422761838659348
-20.428534220272756
-20.43424887807003
-20.43990638928933
-20.445507325396438
-20.431052252142475
-20.42674172962105
-20.43247431232484
-20.42814956920159
-20.433868073509576
-20.42952939277448
-20.435234098846735
-20.440881757858268
-20.416472940279686
-20.42230821087689
-20.40808512876812
-20.41400427748044
-20.41986423470564
-20.425665592358584
-20.411408936435
-20.41729484707065
-20.423121898599945
-20.428890679613946
-20.434601772817807
-20.44025575508963
-20.435853197538734
-20.431494665563346
-20.437179718907714
-20.44280792171864
-20.43837984250145
-20.433996044076437
-20.419656083635672
-20.425459522799315
-20.431204927571322
-20.43689287829561
-20.432523949512653
-20.418198710017528
-20.424016722917354
-20.429776555688182
-20.435478790131302
-20.44112400222999
-20.43671276220769
-20.442345634585614
-20.437922178239756
-20.39354295645736
-20.379607526892787
-20.38581145162386
-20.39195333710762
-20.398033803736542
-20.38405346569918
-20.380212931042188
-20.376410801731765
-20.38264669371445
-20.388820226777305
-20.394932024509533
-20.40098270426444
-20.396972877221796
-20.403003148449578
-20.408973116965083
-20.41488338579543
-20.410734551937477
-20.416627206418102
-20.42246093435392
-20.40823632501038
-20.414153961760277
-20.410012422142675
-20.41591229792125
-20.421753174942037
-20.427535643192616
-20.433260286760692
-20.428927683893086
-20.424638407054154
-20.430392022983614
-20.43608810275378
-20.441727221726243
-20.44730994950898
-20.44283685001389
-20.448408481513752
-20.453924396698614
-20.459385152731627
-20.46479130120431
-20.45014338819227
-20.455641954310348
-20.461085534767246
-20.466474679419573
-20.471809932625376
-20.477091833299124
-20.482320914966134
-20.487497705816473
-20.47262272875831
-20.477896501470727
-20.48311753645602
-20.48828636109146
-20.493403497480546
-20.48846946250574
-20.493584767880684
-20.488648920201875
-20.49376243099986
-20.49882480668986
-20.50383655862296
-20.49879819303673
-20.483810211106363
-20.4889721089953
-20.484082387905346
-20.489241564026294
-20.48434914838603
-20.47950565690217
-20.474710600333147
-20.479963494329816
-20.485163859386518
-20.490312220792653
-20.495409098584727
-20.50045500759888
-20.48545045752289
-20.49059595294766
-20.495689993418186
-20.500733093484005
-20.505725762549165
-20.510668504923675
-20.51556181987444
-20.520406201675694
-20.525202139658937
-20.52995011826235
-20.524650617079725
-20.529404110908928
-20.53411006979984
-20.52876896910184
-20.52348127941082
-20.52824646661671
-20.532964001950543
-20.537634361931037
-20.542258018311728
-20.54683543812861
-20.541367083747325
-20.545953412909853
-20.550493878780756
-20.55498893999295
-20.55943905059302
-20.55384466008709
-20.548306213486217
-20.552823151351355
-20.54729491983784
-20.551821970639462
-20.526303750933067
-20.53104071342374
-20.5257303062895
-20.520473003226606
-20.52526827319434
-20.530015590462398
-20.534715434557775
-20.529368280212196
-20.534074597410076
-20.538733851435975
-20.543346512921616
-20.5479130477924
-20.552433917314474
-20.55690957814133
-20.551340482359915
-20.555827077536318
-20.550268806760954
-20.504766118693343
-20.499718457506408
-20.504721272931345
-20.509674060202034
-20.514577319600015
-20.519431546404014
-20.524237230939974
-20.518994858630574
-20.513804910044268
-20.518666860943824
-20.523480192334386
-20.528245390411044
-20.522962936506932
-20.52773330714186
-20.532455974070444
-20.53713141432974
-20.54176010018644
-20.536342499184574
-20.53097907419273
-20.5356692834508
-20.540312590616292
-20.54490946471013
-20.54946037006303
-20.553965766362403
-20.55842610869878
-20.562841847611793
-20.567213429135677
-20.55154129484432
-20.556025881895877
-20.56046562307692
-20.56486096684615
-20.56921235717769
-20.573520233605915
-20.57778503126986
-20.572007180957158
-20.576287109147586
-20.58052423805611
-20.58471899567555
-20.588871805718796
-20.582983087661606
-20.57715325678499
-20.581381724217138
-20.575567906974968
-20.569812227905217
-20.574114105626165
-20.568372964569903
-20.572689234924205
-20.576962342574962
-20.581192719149215
-20.58538079195772
-20.569526984038145
-20.553831714197763
-20.558293397055785
-20.562710463085228
-20.557083358454374
-20.56151252486983
-20.565897399621132
-20.56023842562492
-20.55463604136867
-20.54908968095498
-20.553598784145432
-20.548062796303977
-20.552582168340937
-20.55705634665753
-20.561485783190953
-20.565870925359043
-20.570212216105453
-20.5645100939444
-20.558864993004953
-20.553276343074902
-20.557743579644153
-20.55216614384771
-20.556644482409233
-20.56107803758514
-20.56546725720929
-20.569812584637198
-20.564114458790826
-20.558473314202917
-20.552888581060888
-20.55735969525028
-20.561786098297777
-20.5661682373148
-20.57050655494165
-20.574801489392236
-20.579053474498313
-20.58326293975333
-20.587430310355796
-20.591556007252237
-20.595640447179715
-20.599684042707917
-20.603687202280838
-20.59765033025803
-20.60167382695545
-20.595657088685897
-20.59970051779904
-20.58370351262105
-20.58786647749484
-20.581987812719888
-20.58616793459269
-20.590306255246766
-20.594403192694298
-20.598459160767355
-20.59247456915968
-20.586549823468083
-20.590684325233404
-20.594777481981072
-20.59882970716126
-20.60284141008965
-20.596812995988753
-20.600844866028865
-20.604836417368578
-20.608788053194893
-20.602700172662942
-20.606673170936315
-20.610606439226952
-20.604500374834682
-20.608455371086336
-20.612370817375474
-20.61624710920172
-20.620084638109702
-20.613883791728604
-20.617744953811318
-20.621567504273205
-20.625351829230475
-20.629098310938172
-20.63280732782879
-20.6164792545505
-20.620314462005
-20.624111317384948
-20.6278702042111
-20.631591502168988
-20.635275587147298
-20.638922831275824
-20.622533602963067
-20.626308266933435
-20.6300451842641
-20.62374473242146
-20.627507285097245
-20.621232212246273
-20.62501989012381
-20.61876969122257
-20.622581994310345
-20.626356174367242
-20.63009261262357
-20.633791686497336
-20.637453769632362
-20.64107923193604
-20.63466843961668
-20.638321755220513
-20.631938537668308
-20.625619152291623
-20.629362960768706
-20.63306933116102
-20.63673863784941
-20.640371251470917
-20.643967538956208
-20.647527863566648
-20.651052584930984
-20.644542059081672
-20.648096638490856
-20.651615672105947
-20.65509951538489
-20.648548520231042
-20.652063035028732
-20.645542404678444
-20.64908698063166
-20.652596110825346
-20.64607014971709
-20.64960944821992
-20.64311335373772
-20.636682220200342
-20.630315397998338
-20.634012244018354
-20.63767212157817
-20.631295400362387
-20.62498244635876
-20.628732621895175
-20.632445295676224
-20.62612084271946
-20.629859634292266
-20.633561037949345
-20.637225427569852
-20.640853173294154
-20.634444641561213
-20.6381001951456
-20.641719193194145
-20.645302001262205
-20.648848981249586
-20.65236049143709
-20.65583688652272
-20.639278517657495
-20.64288573248092
-20.64645687515611
-20.649992306404553
-20.653492383340506
-20.6469574595071
-20.640487884912027
-20.644083006062907
-20.64764217600228
-20.651165754242257
-20.654654096699836
-20.65810755573284
-20.661526480175514
-20.654911215373758
-20.64836210322002
-20.65187848218782
-20.64535969736594
-20.64890610039228
-20.65241703938836
-20.655892868994478
-20.649333940304533
-20.642840600901486
-20.646412194892473
-20.64994807294355
-20.653448592214115
-20.656914106291975
-20.650344965229053
-20.65384151557676
-20.64730310042099
-20.65083006941678
-20.654321768722614
-20.647778551035387
-20.651300765525033
-20.654787757869784
-20.658239880291088
-20.661657481488177
-20.665040906673298
-20.668390497606566
-20.6717065926305
-20.664989526704193
-20.65833963143715
-20.65175623512278
-20.655238672771553
-20.65868628604384
-20.662099423183403
-20.66547842895157
-20.658823644662053
-20.642235408215434
-20.64581305413328
-20.64935492359195
-20.652861374356032
-20.65633276061247
-20.659769433006346
-20.663171738676283
-20.66654002128952
-20.669874621076627
-20.673175874865862
-20.676444116117203
-20.67967967495603
-20.68288287820647
-20.686054049424406
-20.689193508930163
-20.69230157384086
-20.695378558102455
-20.69842477252143
-20.70144052479622
-20.694426119548254
-20.697481858352774
-20.700507039769246
-20.683501969371555
-20.68666694967784
-20.68980028018106
-20.69290227737925
-20.69597325460546
-20.699013522059406
-20.702023386838814
-20.695003152970425
-20.68805312144072
-20.691172590226316
-20.674260864324054
-20.677518255680816
-20.68074307312401
-20.683935642392772
-20.687096285968845
-20.680225323109156
-20.683423069878064
-20.666588839179283
-20.65992295078749
-20.653323721279612
-20.656790484066818
-20.65022257922615
-20.65372035343389
-20.64718314989955
-20.640711318400555
-20.64430420521655
-20.647861163164386
-20.65138255153274
-20.654868726017416
-20.658320038757243
-20.66173683836967
-20.665119469985974
-20.668468275286116
-20.651783592533256
-20.645265756607923
-20.648813099041845
-20.652324968051428
-20.655801718370913
-20.659243701187204
-20.662651264175334
-20.66602475153358
-20.659364504018242
-20.65277085897806
-20.656243150388278
-20.659680718884395
-20.66308391169555
-20.666453072578598
-20.669788541852814
-20.653090656434287
-20.646559749869944
-20.640094152371244
-20.643693210847534
-20.64725627873906
-20.650783715951672
-20.654275878792156
-20.657733120004234
-20.661155788804194
-20.664544230916153
-20.65789878860699
-20.66131980072092
-20.664706602713714
-20.668059536686577
-20.671378941319713
-20.674665151906517
-20.677918500387452
-20.68113931538358
-20.674327922229743
-20.667584643007444
-20.670908796577372
-20.6741997086116
-20.677457711525484
-20.66068313441023
-20.654076303066127
-20.657535540035465
-20.660960184635112
-20.64435058278876
-20.63790707696087
-20.641528006191265
-20.645112726129355
-20.63866159886806
-20.642274982879382
-20.64585223305059
-20.649393710720084
-20.652899773612884
-20.656370775876756
-20.649807068117987
-20.653308997436806
-20.65677590746244
-20.660208148387817
-20.663606066903938
-20.666970006234898
-20.67030030617255
-20.673597303110824
-20.666861330079715
-20.670192716778917
-20.65349078961113
-20.65695588171502
-20.65038632289787
-20.653882459668893
-20.657343635072206
-20.660770198721483
-20.664162496734267
-20.667520871766925
-20.670845663049256
-20.66413720641876
-20.657495834354574
-20.64092087601103
-20.64451166725092
-20.648066550578413
-20.65158588507263
-20.655070026221907
-20.658519325959688
-20.641934132700094
-20.645514791373092
-20.61905964345936
-20.622869047024764
-20.626640356554518
-20.630373952988972
-20.614070213459083
-20.607929511324492
-20.61185021621125
-20.615731714049137
-20.619574396908646
-20.62337865293956
-20.627144866410166
-20.630873417746066
-20.634564683568605
-20.62821903673292
-20.62193684636559
-20.61571747790193
-20.619560303122913
-20.613364700091683
-20.617231053090766
-20.62105874255986
-20.624848155134263
-20.61859967358292
-20.622413676847092
-20.62618954007862
-20.629927644677835
-20.633628368231058
-20.637292084548747
-20.64091916370326
-20.634509972066226
-20.638164872345566
-20.64178322362211
-20.63536539138589
-20.62901173747203
-20.61272162009731
-20.61659440389634
-20.620428459857376
-20.6142241752588
-20.608081933506213
-20.60200111417115
-20.60598110302944
-20.609921291999147
-20.613822079079156
-20.617683858288366
-20.621507019705483
-20.62529194950843
-20.609039030013346
-20.612948639713213
-20.616819153316083
-20.62065096178292
-20.624444452165093
-20.628200007643443
-20.621918007567007
-20.615698827491336
-20.619541839216424
-20.623346420824262
-20.62711295661602
-20.62084182704986
-20.62463340877936
-20.628387074691567
-20.632103203944652
-20.635782171905205
-20.639424350186154
-20.643030106684293
-20.646599805617452
-20.65013380756128
-20.643632469485667
-20.64719614479081
-20.650724183342906
-20.644216941509477
-20.647774772094383
-20.65129702437344
-20.654784054129706
-20.65823621358841
-20.651653851452526
-20.655137312938002
-20.648585939808623
-20.652100080410538
-20.635579079606433
-20.62922328881037
-20.632931055922267
-20.636601745363045
-20.63023572790941
-20.633933370630317
-20.607594036924013
-20.611518096554775
-20.61540291558923
-20.609248886433335
-20.603156397569002
-20.607124833593314
-20.61105358525738
-20.614943049404808
-20.60879361891076
-20.612705682721653
-20.616578625894437
-20.62041283963549
-20.60420871123914
-20.60816662412675
-20.60208495788548
-20.606064108306626
-20.60000346722356
-20.604003432551323
-20.597963398225808
-20.60198376424355
-20.585963926601114
-20.5901042873351
-20.594203244461752
-20.598261212017135
-20.602278599896966
-20.606255813897995
-20.590193255759015
-20.574291323201425
-20.57854840996941
-20.562762925869716
-20.56713529661102
-20.55146394364491
-20.525949304208464
-20.520689811166378
-20.525482913054713
-20.530228083924168
-20.534925803084928
-20.53957654505408
-20.54418077960354
-20.548738971807506
-20.55325158208943
-20.547719066268535
-20.54224187560585
-20.53681945684979
-20.521451262281296
-20.516236749658482
-20.5210743821619
-20.52586363834028
-20.53060500195688
-20.53529895193731
-20.529945962417937
-20.53464650279376
-20.539300037765823
-20.543907037388166
-20.548467967014286
-20.542983287344143
-20.5375534544707
-20.542177919925994
-20.546756140726735
-20.541288579319467
-20.545875693526273
-20.54041693659101
-20.5350127672251
-20.53966263955285
-20.544266013157323
-20.54882335302575
-20.553335119495493
-20.55780176830054
-20.552223750617532
-20.556701513111356
-20.561134497980245
-20.56552315300044
-20.569867921470436
-20.57416924225573
-20.578427549833176
-20.572643274334844
-20.566916841591496
-20.56124767317558
-20.565635196443825
-20.569978844479387
-20.554279056034595
-20.55873626547425
-20.553148902819505
-20.55761741379131
-20.562041239653396
-20.566420827256863
-20.560756618984293
-20.56514905279445
-20.569497562266505
-20.57380258664384
-20.578064560777403
-20.56228391516963
-20.566661076017933
-20.570994465257755
-20.575284520605177
-20.579531675399124
-20.553736358645132
-20.55819899505868
-20.542617005108095
-20.547190835057016
-20.541718926706444
-20.546301737439382
-20.550838720064988
-20.55533033286434
-20.549777029535697
-20.534279259240343
-20.53893646664794
-20.51354710198146
-20.508411630961643
-20.513327514652026
-20.508194239505507
-20.50311229711045
-20.498081174139347
-20.493100362397954
-20.488169358773973
-20.493287665186234
-20.49835478853437
-20.493371240649026
-20.488437528242535
-20.47355315296011
-20.47881762143051
-20.474029445216207
-20.469289150764045
-20.474596259256405
-20.47985029666384
-20.485051793697203
-20.49020127576023
-20.49529926300263
-20.500346270372603
-20.48534280766888
-20.49048937959219
-20.495584485796268
-20.490628640938304
-20.495722354528922
-20.480765130983634
-20.4859574796738
-20.491097904877062
-20.466186925828293
-20.45152505657001
-20.44700980600431
-20.45253970794427
-20.458014310864826
-20.45343416775618
-20.458899826078618
-20.45431082781783
-20.459767719539656
-20.46517004234426
-20.470518341920815
-20.47581315850161
-20.481055026916593
-20.46624447664743
-20.471582031880956
-20.476866211562147
-20.482097549446525
-20.48727657395206
-20.48240380821254
-20.487579770130413
-20.49270397242911
-20.497776932704816
-20.50279916337777
-20.49777117174399
-20.49279346002655
-20.497865525426285
-20.502886870172023
-20.507858001470304
-20.5127794214556
-20.517651627241047
-20.52247511096864
-20.527250359858954
-20.521977856260364
-20.51675807769776
-20.511590496920782
-20.516474591951575
-20.50130984603206
-20.506296747571742
-20.511233780096024
-20.50612144229506
-20.50106022787211
-20.506049625593388
-20.480989129337452
-20.486179238044077
-20.471317445663637
-20.476604271207
-20.481838228494933
-20.487019846209986
-20.492149647747887
-20.49722815127041
-20.492255869757706
-20.497333311060128
-20.502359977949528
-20.497336378170033
-20.49236301438833
-20.497439384244448
-20.482464990402004
-20.477640340497985
-20.482863937093004
-20.488035297722075
-20.493154944744855
-20.49822339529741
-20.503241161344434
-20.50820874973099
-20.48312666223368
-20.488295395611345
-20.493412441655234
-20.498478317238682
-20.493493534066292
-20.49855859872563
-20.503573012738375
-20.49853728261099
-20.503551909784882
-20.508516390687035
-20.513431226780167
-20.518296914512366
-20.503113945367243
-20.50808280591357
-20.513001977854437
-20.517871958075894
-20.522693238495137
-20.527466306110185
-20.522191643049084
-20.506969726618593
-20.511900029352407
-20.50678102905888
-20.50171321876829
-20.506696086580607
-20.5116291257148
-20.506512834457652
-20.511447706113078
-20.506333229051947
-20.511269896761426
-20.516157197793813
-20.520995625815875
-20.515785669557715
-20.520627812862138
-20.525421534733518
-20.530167319386184
-20.514865646192323
-20.5197169897304
-20.5245198198331
-20.519274621634768
-20.50408187541842
-20.509041056664238
-20.493950646097595
-20.499011139636618
-20.504021028240253
-20.508980817957852
-20.503891009778272
-20.498852099680487
-20.483863578683682
-20.489024942896847
-20.49413469346788
-20.489193346533202
-20.47430141306787
-20.479558398937193
-20.47476281494782
-20.480015186798344
-20.48521503493036
-20.490362884581057
-20.49545925573525
-20.500504663177896
-20.505499616546118
-20.500444620380655
-20.49544017417685
-20.50048577243508
-20.50548091471073
-20.500426105563623
-20.505421844507985
-20.510367626062905
-20.515263949802275
-20.52011131030425
-20.514910197201207
-20.489761095229195
-20.484863484276904
-20.490014849434136
-20.495114700939794
-20.500163553930395
-20.505161918391092
-20.51011029920718
-20.51500919621511
-20.519859104252962
-20.52466051321043
-20.519413908078327
-20.524219768997543
-20.508977571307568
-20.513887795594492
-20.518748917638547
-20.503561428462163
-20.49852581417754
-20.493540556035764
-20.498605150475406
-20.503619098970653
-20.508582907980948
-20.503497078901137
-20.508462108112127
-20.513377487031008
-20.518243712160697
-20.52306127503909
-20.5178306622887
-20.522652355665812
-20.517425832109154
-20.512251573788063
-20.517129058050184
-20.521957767469683
-20.516738189794985
-20.521570807897035
-20.516355099818064
-20.521191548819885
-20.525979633331687
-20.530719836998372
-20.53541263862839
-20.52005851224211
-20.514857927119685
-20.51970934784849
-20.514512254370004
-20.509367131826302
-20.51427346050804
-20.50913072590296
-20.514039418643932
-20.518899024457493
-20.523710034212918
-20.52847293387079
-20.533188204532085
-20.537856322486764
-20.542477759261896
-20.537052981669277
-20.541682451852584
-20.54626562733406
-20.540802971060717
-20.54539494135011
-20.539940991936607
-20.544541582017242
-20.54909616619707
-20.543605204535098
-20.54816915248975
-20.54268746096485
-20.5472605863552
-20.55178798049165
-20.556270100686735
-20.560707399679867
-20.56510032568307
-20.559449322426236
-20.563854829201976
-20.558216280909956
-20.552634118100855
-20.557107776919846
-20.561536699150647
-20.55592133215914
-20.56036211883755
-20.564758497649173
-20.56911091267268
-20.563419803545955
-20.567785605510498
-20.572107749455395
-20.56638667196084
-20.570722805241232
-20.57501557718882
-20.579265421416935
-20.583472767202768
-20.58763803953074
-20.591761659135436
-20.585844042544082
-20.58998560211864
-20.584085746097454
-20.58824488863648
-20.59236243975012
-20.596438815352617
-20.600474427199092
-20.604469682927103
-20.608424986097834
-20.602340736236854
-20.606317328874486
-20.60025415558574
-20.604251614029884
-20.608209097889585
-20.61212700691069
-20.616005736841583
-20.61984567947317
-20.613647222678438
-20.617510750451654
-20.621335642947138
-20.605122286517666
-20.60907106365249
-20.612980353015967
-20.616850549485807
-20.61068204399095
-20.61457522355104
-20.61842947131553
-20.602245176602377
-20.606222724836353
-20.60016049758799
-20.594158892612107
-20.588217303685987
-20.59233513064913
-20.586411779342637
-20.590547661549213
-20.594642184933722
-20.598695763084386
-20.582708805453542
-20.586881717399006
-20.571012900225018
-20.57530277122277
-20.569549743510542
-20.573854246075438
-20.578115703614685
-20.58233454657854
-20.586511201112756
-20.580646089101627
-20.584839628210613
-20.578991231928505
-20.58320131960922
-20.587369306413127
-20.591495613348997
-20.595580657215507
-20.59962485064335
-20.593628602136917
-20.587692316115547
-20.58181539295439
-20.585997239024845
-20.590137266634596
-20.59423589396825
-20.598293535028567
-20.59231059967828
-20.5763874936815
-20.570623618744687
-20.56491738255724
-20.559268208731666
-20.553675526644348
-20.538138771377906
-20.542757383664128
-20.537329809827487
-20.51195651172921
-20.506836946611916
-20.511768577145798
-20.51665089137434
-20.501484382460596
-20.50646953863599
-20.511404843249633
-20.516290794817138
-20.521127886868967
-20.52591660800028
-20.520657441920275
-20.50545086750107
-20.51039635882606
-20.5152923952378
-20.51013947128542
-20.515038076572566
-20.51988769580684
-20.524688818848773
-20.509441930660287
-20.514347511353684
-20.519204036240147
-20.514011995877745
-20.51887187591897
-20.51368315715978
-20.518546325588183
-20.5133608623323
-20.518227253708975
-20.503044981171886
-20.508014531360168
-20.512934386046567
-20.5178050421861
-20.52262699176424
-20.5274007218466
-20.532126714628134
-20.526805447481852
-20.531537393007035
-20.536222019076966
-20.540859798886196
-20.545451200897336
-20.549996688888363
-20.55449672199948
-20.558951754779486
-20.55336223723169
-20.55782861485937
-20.56225032871078
-20.556627825423668
-20.56106154716943
-20.565450931697736
-20.559796422380757
-20.564198458156948
-20.55855647357538
-20.562970908839628
-20.567341199751233
-20.57166778775372
-20.575951109876186
-20.580191598777425
-20.57438968278965
-20.568645785961753
-20.572959328102137
-20.577229734821117
-20.581457437472906
-20.58564286309818
-20.5797864344672
-20.56398857012253
-20.558348684421304
-20.55276519757709
-20.55723754560132
-20.561665170145307
-20.546048518443854
-20.530588033259416
-20.535282152926822
-20.519929331397556
-20.51473003808358
-20.519582737702745
-20.524386910325717
-20.51914304122246
-20.523951610810236
-20.528712094702136
-20.533424973755114
-20.538090724017565
-20.54270981677739
-20.547282718609615
-20.55180989142352
-20.556291792509285
-20.55072887458419
-20.54522158583835
-20.539769369979965
-20.544371676280164
-20.548927959517364
-20.55343867992219
-20.55790429312297
-20.56232525019174
-20.566701997689822
-20.571034977712923
-20.575324627935796
-20.57957138165644
-20.583775667839877
-20.58793791116148
-20.582058532049864
-20.576237946729364
-20.58047556726207
-20.58467081158945
-20.588824103473556
-20.572935862438822
-20.567206503814432
-20.57153443877629
-20.575819094388528
-20.580060903444643
-20.574260294410195
-20.578517691466093
-20.582732514551434
-20.57690518940592
-20.581136137511862
-20.575324776136743
-20.569571528375374
-20.57387581309162
-20.578137054960706
-20.572355684411097
-20.566632127566983
-20.570965806291312
-20.575256148228398
-20.579503586746114
-20.573708550878653
-20.567971465369865
-20.57229175071617
-20.566568833209004
-20.570903144876915
-20.575194113428147
-20.579442172293867
-20.58364775057093
-20.58781127306522
-20.59193316033457
-20.596013828731223
-20.60005369044391
-20.60405315353947
-20.60801262200408
-20.61193249578404
-20.6158131708262
-20.60965503911794
-20.61355848872676
-20.617422903839493
-20.591248674801097
-20.595336188053086
-20.599382826172555
-20.59338899791083
-20.597455107931722
-20.601480556852405
-20.60546575128388
-20.60941109377104
-20.613316982833332
-20.617183813005
-20.62101197487495
-20.6148018551262
-20.608653836574938
-20.61256729820919
-20.616441625227097
-20.620277208974827
-20.624074436885078
-20.617833692516225
-20.621655355591063
-20.605438802035152
-20.589384414014802
-20.593490569874653
-20.597555664175907
-20.601580107534147
-20.605564306458806
-20.60950866339422
-20.603413576760275
-20.607379440992673
-20.601305646582745
-20.605292590116917
-20.60923966421575
-20.593147267573592
-20.597215794897856
-20.60124363694888
-20.605231200579393
-20.6091788885736
-20.603087099687862
-20.59705622869098
-20.60108566640407
-20.59507480974003
-20.58912406164263
-20.5832328210262
-20.587400492815938
-20.57152648788778
-20.575811223008902
-20.580053110778813
-20.584252579671027
-20.588410053874316
-20.592525953335574
-20.586600693802218
-20.590734686864195
-20.584827339995552
-20.5889790665956
-20.593089275929643
-20.597158383170346
-20.59118679933864
-20.585274931345253
-20.5894221820318
-20.593527960211482
-20.597592680609367
-20.601616753803274
-20.605600586265243
-20.59954458040259
-20.603549134598566
-20.60751364325258
-20.611438506820054
-20.595324121751855
-20.589370880534336
-20.593477171728992
-20.597542400011704
-20.60156697601159
-20.605551306251474
-20.60949579318896
-20.60340083525707
-20.597366826904498
-20.59139315863545
-20.595479227049097
-20.589524434778607
-20.59362919043082
-20.597692898526514
-20.591715969541248
-20.595798809845835
-20.599840821747378
-20.603842413529904
-20.607803989394604
-20.601725949500658
-20.59570869000565
-20.589751603105594
-20.58385408707454
-20.588015546203792
-20.582135390741755
-20.576314036834336
-20.570550896465992
-20.554845387501334
-20.55929693362632
-20.553703964290058
-20.558166924647157
-20.562585255400688
-20.56695940284668
-20.571289808818214
-20.56557691073003
-20.569921141622732
-20.564221930206504
-20.56857971090444
-20.562893913795396
-20.56726497465744
-20.571592324910867
-20.57587640166176
-20.58011763764514
-20.584316461268692
-20.568473296656006
-20.572788563689446
-20.577060678052554
-20.58129007127203
-20.575477170559306
-20.569722398853713
-20.574025174865177
-20.568284923116526
-20.55260207388536
-20.547076053146505
-20.55160529261504
-20.55608923968889
-20.550528347292
-20.52502306381908
-20.52977283318089
-20.504475104849078
-20.50943035380059
-20.514336050262585
-20.51919268975996
-20.52400076286236
-20.518760755233735
-20.5235731476814
-20.528337416204586
-20.53305404204254
-20.537723501622114
-20.542346266605893
-20.546922803939836
-20.55145357590044
-20.545939040141434
-20.55047964974002
-20.55497485324262
-20.559425104710193
-20.56383085366309
-20.56819254512646
-20.572510619675196
-20.576785513478445
-20.57101765834366
-20.575307481760223
-20.57955440694262
-20.57375886287319
-20.52802127424446
-20.532741061502016
-20.537413650886997
-20.54203951437813
-20.546619119234347
-20.551152928042004
-20.545641398761582
-20.550184984773967
-20.55468313492623
-20.549136303576965
-20.553644940541197
-20.558108491135787
-20.54252740622443
-20.547102132162188
-20.541631110840566
-20.546214799732162
-20.540752651734838
-20.53534512521749
-20.539991673965314
-20.53459175722566
-20.539245839653404
-20.54385338125687
-20.5384148474443
-20.52303069896986
-20.51780039198016
-20.52262238806036
-20.527396164179756
-20.53212220253796
-20.51680098051258
-20.521632970707458
-20.526416641000385
-20.53115247459038
-20.525840949844476
-20.530582540346032
-20.535276714942572
-20.53992394779315
-20.54452470831522
-20.54907946123207
-20.543588666619748
-20.54815277995355
-20.552671252154017
-20.55714453963248
-20.561573094236156
-20.565957363293794
-20.570297789660856
-20.574594811764246
-20.578848863646606
-20.57306037501014
-20.55732977126004
-20.56175647354744
-20.566138908811965
-20.560477519723843
-20.564872744526607
-20.55922401708134
-20.56363177691053
-20.567995459141425
-20.56231550455001
-20.55669234950451
-20.561125426009465
-20.56551417174937
-20.56985903003188
-20.56416043973156
-20.558518835334244
-20.562933646980902
-20.567304310511094
-20.571631267405984
-20.575914954731925
-20.580155805184607
-20.58435424713276
-20.588510704661434
-20.59262559761482
-20.58669934163867
-20.580832348222284
-20.57502402474006
-20.57927378449266
-20.573481046647732
-20.577746236181255
-20.581968773819444
-20.58614908608125
-20.59028759522044
-20.594384719268234
-20.598440872075553
-20.602456463354798
-20.59643189872125
-20.600467579734037
-20.584462903936696
-20.588618274897332
-20.58273209214836
-20.586904771226877
-20.57103572351461
-20.57532536627946
-20.579572112616667
-20.583776391490503
-20.577938627575598
-20.58215924129984
-20.57633764888684
-20.580574272397975
-20.574768529673992
-20.569020844377253
-20.57333063593348
-20.577597329574147
-20.571821356278406
-20.576103142715624
-20.57034211128847
-20.56463869017558
-20.568992303273827
-20.563302380241087
-20.54766935643868
-20.552192662874294
-20.53667073624555
-20.541304028883097
-20.545890988594266
-20.52043207870832
-20.52522775792124
-20.529975480342028
-20.53467572553861
-20.52932896828322
-20.53403567860039
-20.538695321814387
-20.53330836859624
-20.537975284910278
-20.532595532061173
-20.537269576740563
-20.54189688097316
-20.54647791216343
-20.551013133041796
-20.53550300171138
-20.530147971694266
-20.52484649197732
-20.52959802705755
-20.534302046786973
-20.528959026319104
-20.533669436055913
-20.538332741695353
-20.5429494142784
-20.547519920135617
-20.552044720934262
-20.55652427372492
-20.55095903098767
-20.555449440677794
-20.559894946271015
-20.554295996808303
-20.55875303684022
-20.553165506471817
-20.5476338514071
-20.55215751289303
-20.5566359377641
-20.56106957838646
-20.565458882602595
-20.56980429377657
-20.574106250838806
-20.57836518833042
-20.582581536447115
-20.586755721082646
-20.59088816387182
-20.584979282233103
-20.589129489410773
-20.573238194516666
-20.5775058125715
-20.561730754445783
-20.546113446901327
-20.550652312432312
-20.55514578930799
-20.53959433141491
-20.534198388100762
-20.538856404219754
-20.543467840177556
-20.54803316177578
-20.542552830158023
-20.54712730185644
-20.541656028837878
-20.536239468549496
-20.540877073864003
-20.545468303125364
-20.550013620094113
-20.54451348389317
-20.539068349054237
-20.543677665563695
-20.548240888908058
-20.552758480018976
-20.557230895218787
-20.5616585862666
-20.566042000403932
-20.570381580399893
-20.574677764595894
-20.568930986949933
-20.573241677080436
-20.56750926030963
-20.571834167706534
-20.57611582602947
-20.580354667769175
-20.57455112109148
-20.568805609880567
-20.573117553781763
-20.557386378243947
-20.561812514461508
-20.566194389316895
-20.570532445423726
-20.55482712096949
-20.559278849759796
-20.5636860612622
-20.56804920064958
-20.572368708643083
-20.576645021556654
-20.58087857134109
-20.585069785627677
-20.5792190877714
-20.583426896893688
-20.587592627924753
-20.591716701645506
-20.58579953462905
-20.58994153928276
-20.59404212388993
-20.598101702651032
-20.602120685624524
-20.58609947876828
-20.590238483980595
-20.58433609914079
-20.58849273814938
-20.592607810767888
-20.59668173266021
-20.58071491533361
-20.584907766180272
-20.58905868851847
-20.583168101633284
-20.58733642061695
-20.58146305641078
-20.58564842584667
-20.589791941588206
-20.593894022172325
-20.577955081950602
-20.582175531131096
-20.586353775819784
-20.590490238061587
-20.58458533568097
-20.57873948232416
-20.582952087500917
-20.587122566625908
-20.591251340959648
-20.58533882755005
-20.58948543927455
-20.593590584881806
-20.59765467903299
-20.601678132242657
-20.59566135092023
-20.59970473741103
-20.60370769003692
-20.607670613136552
-20.611593907005187
-20.615477967935135
-20.619323188255784
-20.623129956373226
-20.626898656809495
-20.6306296702414
-20.624323373538985
-20.628080139803597
-20.62179933840556
-20.615581345021504
-20.619425531571288
-20.623231276255577
-20.626998963493023
-20.620728973858093
-20.62452168411951
-20.618276467278314
-20.622093702605532
-20.625872765579476
-20.619614037923682
-20.623417897544446
-20.627183718569
-20.630911881383312
-20.63460276256948
-20.638256734943784
-20.64187416759435
-20.645455425918406
-20.649000871659222
-20.65251086294263
-20.655985754313203
-20.65942589677007
-20.64283163780237
-20.646403321424348
-20.649939288210106
-20.653439895328006
-20.656905496374726
-20.66033644141098
-20.65373307699687
-20.6471957462269
-20.65072378876463
-20.654216550876985
-20.657674385368214
-20.631097641514533
-20.634786665099387
-20.638438798448394
-20.63205441046391
-20.63573386635927
-20.629376527695676
-20.62308276241872
-20.616851934794532
-20.62068341544659
-20.624476581292125
-20.618231815479202
-20.61204949732441
-20.605929002351164
-20.609869712327654
-20.613771015204378
-20.60763330505233
-20.61155697200181
-20.615441402281792
-20.619286988258974
-20.623094118376386
-20.62686317719262
-20.610594545420696
-20.61448859996649
-20.60834371396682
-20.602260276827153
-20.60623767405888
-20.610175297318293
-20.60407354434511
-20.60803280890166
-20.611952480812644
-20.605832956004516
-20.59977462644447
-20.60377688018003
-20.60773911137823
-20.611661720264447
-20.595545103061802
-20.589589652031183
-20.593693755510873
-20.587756817955764
-20.591879249776206
-20.585960457278443
-20.59010085270566
-20.574199844178604
-20.558457845736818
-20.55287326727945
-20.557344534606653
-20.56177108926059
-20.566153378367982
-20.550491844584304
-20.55498692613846
-20.559437056877076
-20.563842686308305
-20.558204259445223
-20.552622216850768
-20.55709599468226
-20.551525034735437
-20.546009784388083
-20.5405496865442
-20.54514418967876
-20.54969274778197
-20.54419582030415
-20.538753862101107
-20.533366323480095
-20.538032660245296
-20.542652333642845
-20.54722581030642
-20.541753552203353
-20.536336016681318
-20.540972656514505
-20.53556292994936
-20.540207300649868
-20.54480522764337
-20.549357175366936
-20.553863603613266
-20.558324967577136
-20.552741717901363
-20.53721430072235
-20.541842157715127
-20.536423736137976
-20.541059498776598
-20.545648903788834
-20.540192414750944
-20.534790490603434
-20.5294425856974
-20.534148159840427
-20.538806678242025
-20.533418611459606
-20.538084425345012
-20.542703581091562
-20.547276545280646
-20.55180377982784
-20.556285742029562
-20.560722884609266
-20.55511565576317
-20.55956449920554
-20.553968854213483
-20.55842916567135
-20.562844874014637
-20.56721642527449
-20.561544261021744
-20.56592881841153
-20.540269530227413
-20.544866834925138
-20.549418166575887
-20.553923984910128
-20.538384745061027
-20.523000897610416
-20.51777088863431
-20.522593179747968
-20.52736724795049
-20.522093575470983
-20.516872639716272
-20.51170391331911
-20.49658687418592
-20.49162100544406
-20.49670479538962
-20.49173774743572
-20.496820369961366
-20.501852166261752
-20.506833644599137
-20.511765308153148
-20.516647655071615
-20.5214811785209
-20.526266366735694
-20.531003703068336
-20.535693666037652
-20.540336729377277
-20.544933362083505
-20.53948402846267
-20.514089188178044
-20.518948296296266
-20.523758813333302
-20.52852122519997
-20.52323601294797
-20.52800365281849
-20.532723616290305
-20.5373963801274
-20.542022416326127
-20.546602192162865
-20.551136170241236
-20.545624808538822
-20.550168560453436
-20.554666874848902
-20.559120206100413
-20.553529004039408
-20.557993713999014
-20.552413776859023
-20.556889639090432
-20.56132074269953
-20.555707535272532
-20.550150459919806
-20.55464895532061
-20.559102465767403
-20.553511441109727
-20.55797632669863
-20.562396563431644
-20.556772597797327
-20.561204871819353
-20.56559282310116
-20.56993689487015
-20.55423752592145
-20.55869515066224
-20.563108199155618
-20.567477117164064
-20.571802345992424
-20.576084322532502
-20.570323479307177
-20.564620244514103
-20.568974042068962
-20.553284301648272
-20.55775145863179
-20.552173944045474
-20.55665220460502
-20.54108568255897
-20.515674825733377
-20.520518077476044
-20.525312896701283
-20.530059767734272
-20.53475917005693
-20.53941157835636
-20.5440174625728
-20.548577287947072
-20.5430915150676
-20.537660599916926
-20.542283993917756
-20.54686115397858
-20.521392542438793
-20.516178617014404
-20.52101683084426
-20.525806662535818
-20.53054859591046
-20.535243109951356
-20.539890678851844
-20.544491772063328
-20.549046854342695
-20.53355638579927
-20.528220821941275
-20.532938613721864
-20.527609227584644
-20.5323331353088
-20.52700980395571
-20.511739705916156
-20.506622308856993
-20.511556085768426
-20.496440524910742
-20.501476119661636
-20.47646135846502
-20.48169674488037
-20.476879777431567
-20.48211097965725
-20.48728986986068
-20.48241697116207
-20.47759280145045
-20.452816873435943
-20.458288704701584
-20.463705817654567
-20.459068759478022
-20.464478071883242
-20.459833291164408
-20.455234958252763
-20.460682608670236
-20.466075782583534
-20.4714150247577
-20.476700874510122
-20.481933865765022
-20.487114527107373
-20.4722433818363
-20.477520948017936
-20.48274573853776
-20.487918281152382
-20.483039098340857
-20.488208707357447
-20.493326620283874
-20.498393354081035
-20.503409420540226
-20.508375326334825
-20.513291573071477
-20.498158657340763
-20.503177070767357
-20.508145300059685
-20.513063847059087
-20.507933208588494
-20.51285387650261
-20.507725337737583
-20.502648084360207
-20.507621603516604
-20.51254538748144
-20.507419933606624
-20.512345734270557
-20.517222276927853
-20.522050054158576
-20.52682955361699
-20.53156125808082
-20.536245645500014
-20.530883189045014
-20.535574357154566
-20.53021861358302
-20.51491642744719
-20.519767263172717
-20.504569590540992
-20.50952389463558
-20.484428655689225
-20.479584369132333
-20.48478852544101
-20.489940640186603
-20.495041233784736
-20.490090821446888
-20.49518991323242
-20.500238014100095
-20.505235633959096
-20.500183277619502
-20.48518144484331
-20.480329630394877
-20.485526334090927
-20.490671070750018
-20.495764360042518
-20.500806716442092
-20.49579864927767
-20.500840662784896
-20.505832256157046
-20.510773933595477
-20.515666194259524
-20.510509532316927
-20.505404436993757
-20.51035039262382
-20.515246888697583
-20.510094419810606
-20.5149934756125
-20.519843540856375
-20.52464510544781
-20.509398654393333
-20.5143046678494
-20.51916162117091
-20.513970004959198
-20.498830304909607
-20.503842001860512
-20.508803581841907
-20.513715546023487
-20.50857839056325
-20.513492606657618
-20.49835768059104
-20.49337410378513
-20.498440362747278
-20.503455959119805
-20.498421399528606
-20.49343718553332
-20.498502813677987
-20.50351778554121
-20.498482607685798
-20.50349778160894
-20.50846280379285
-20.503378175754918
-20.498344393997368
-20.503360950057395
-20.50832734055682
-20.483244067151254
-20.47841162647974
-20.483627510214944
-20.488791235112796
-20.493903322761668
-20.49896428953405
-20.50397464663871
-20.498934900172323
-20.493945551170597
-20.499006095658892
-20.504016034702303
-20.498975874355278
-20.503986115611724
-20.50894625445561
-20.513856791911053
-20.518718223991943
-20.51353104175202
-20.5183957313345
-20.523211774021156
-20.527979656280944
-20.532699859718136
-20.537372861120954
-20.531999132509743
-20.536679141184646
-20.531312349772797
-20.52599922627507
-20.53073923401232
-20.535431841672196
-20.540077523255473
-20.534676748022918
-20.53932998054269
-20.533936680737263
-20.52859731392989
-20.51331134079059
-20.498178227382684
-20.50319644510886
-20.508164480657772
-20.513082835851193
-20.51795200749268
-20.512772487417752
-20.517644762543576
-20.52246831491814
-20.527243631768957
-20.53197119545127
-20.536651483496758
-20.53128496866179
-20.515972118975174
-20.520812397785424
-20.52560427380757
-20.500348231069495
-20.4953447487588
-20.50039130127121
-20.505387388258498
-20.510333514375915
-20.515230179232155
-20.520077877439835
-20.52487709866544
-20.529628327678786
-20.524332044401998
-20.519088723957978
-20.513897836718396
-20.518758858351212
-20.5235712697677
-20.528335557070022
-20.523052201499322
-20.52782167948433
-20.522543462689484
-20.527318028062588
-20.52204484778196
-20.516824399304138
-20.521656155311096
-20.526439593757985
-20.521175197820405
-20.5059634458422
-20.51090381138378
-20.515794773269942
-20.520636825537242
-20.52543045728187
-20.520176152709052
-20.494974391181962
-20.500024647270145
-20.495024400797444
-20.50007415678947
-20.505073415221577
-20.510022681069362
-20.51492245425867
-20.50977322971608
-20.51467549741892
-20.51952874244473
-20.524333455020283
-20.52909012047008
-20.523799219265378
-20.528561227072725
-20.533275614801997
-20.517942858653978
-20.512763430067437
-20.517635795766765
-20.502459437809097
-20.487434843431007
-20.4925604949967
-20.497634890046733
-20.502658541146268
-20.497631955734803
-20.502655636177455
-20.50762907981568
-20.50255278901752
-20.497527261127345
-20.49255198851607
-20.49762646863091
-20.5026502039446
-20.507623701905157
-20.502547464886103
-20.507521990237244
-20.512446770334872
-20.507322302631522
-20.51224907960521
-20.507126588809154
-20.512055322921064
-20.506934769691853
-20.501865421994932
-20.486846767774985
-20.491978300097237
-20.497058517096267
-20.502087931925306
-20.487067052606054
-20.482196382079994
-20.487374418259193
-20.4825006740766
-20.477675667335834
-20.482898910662477
-20.478069921555853
-20.483289222340296
-20.488456330116893
-20.493571766815723
-20.498636049147567
-20.503649688656093
-20.498613191769532
-20.493627059851836
-20.498690789253317
-20.493703881360783
-20.498766842547177
-20.503779174121707
-20.508741382380492
-20.503653968556687
-20.508617428871123
-20.51353125458241
