-20.0
-20.0
-20.01
-20.019900000000003
-20.029701000000003
-20.019403990000004
-20.019209950100002
-20.029017850599004
-20.028727672093012
-20.01844039537208
-20.008255991418363
-20.00817343150418
-20.01809169718914
-20.027910780217248
-20.037631672415074
-20.037255355690924
-20.046882802134014
-20.046413974112674
-20.05594983437155
-20.065390336027836
-20.064736432667555
-20.064089068340877
-20.07344817765747
-20.082713695880894
-20.091886558922084
-20.090967693332864
-20.100058016399537
-20.109057436235542
-20.107966861873187
-20.106887193254455
-20.11581832132191
-20.12466013810869
-20.123413536727604
-20.13217940136033
-20.140857607346724
-20.149449031273257
-20.147954540960523
-20.15647499555092
-20.144910245595412
-20.15346114313946
-20.161926531708065
-20.160307266390983
-20.148704193727074
-20.157217151789805
-20.165644980271907
-20.163988530469187
-20.162348645164492
-20.160725158712847
-20.16911790712572
-20.167426728054462
-20.165752460773916
-20.164094936166176
-20.162453986804515
-20.17082944693647
-20.169121152467103
-20.17742994094243
-20.185655641533007
-20.19379908511768
-20.2018610942665
-20.209842483323836
-20.207744058490597
-20.195666617905694
-20.193709951726635
-20.18177285220937
-20.179955123687275
-20.1781555724504
-20.166374016725896
-20.17471027655864
-20.162963173793052
-20.171333542055123
-20.179620206634574
-20.177824004568226
-20.166045764522543
-20.164385306877318
-20.162741453808543
-20.17111403927046
-20.179402898877758
-20.177608869888978
-20.18583278119009
-20.19397445337819
-20.192034708844407
-20.200114361755965
-20.198113218138403
-20.20613208595702
-20.20407076509745
-20.20203005744647
-20.200009756872007
-20.188009659303287
-20.196129562710254
-20.20416826708315
-20.20212658441232
-20.210105318568196
-20.188004265382514
-20.17612422272869
-20.1843629805014
-20.192519350696386
-20.200594157189425
-20.20858821561753
-20.206502333461355
-20.20443731012674
-20.172392937025474
-20.170669007655217
-20.168962317578664
-20.167272694402875
-20.135599967458848
-20.134243967784258
-20.132901528106416
-20.13157251282535
-20.130256787697096
-20.138954219820125
-20.137564677621924
-20.146189030845704
-20.154727140537247
-20.153179869131872
-20.161648070440553
-20.160031589736146
-20.168431273838785
-20.166746961100397
-20.155079491489396
-20.1535286965745
-20.141993409608755
-20.15057347551267
-20.159067740757543
-20.167477063349967
-20.165802292716467
-20.174144269789302
-20.18240282709141
-20.180578798820495
-20.16877301083229
-20.167085280723967
-20.175414427916728
-20.16366028363756
-20.162023680801184
-20.170403443993173
-20.16869940955324
-20.16701241545771
-20.16534229130313
-20.163688868390096
-20.172051979706197
-20.160331459909138
-20.168728145310048
-20.17704086385695
-20.18527045521838
-20.173417750666196
-20.171683573159534
-20.17996673742794
-20.17816707005366
-20.166385399353125
-20.174721545359596
-20.162974329906
-20.13134458660694
-20.13003114074087
-20.12873082933346
-20.107443521040125
-20.096369085829725
-20.085405394971428
-20.08455134102171
-20.093705827611494
-20.09276876933538
-20.101841081642025
-20.110822670825605
-20.11971444411735
-20.128517299676176
-20.127232126679413
-20.11595980541262
-20.114800207358492
-20.113652205284907
-20.112515683232058
-20.121390526399736
-20.11017662113574
-20.11907485492438
-20.117884106375136
-20.126705265311386
-20.12543821265827
-20.10418383053169
-20.10314199222637
-20.112110572304108
-20.12098946658107
-20.119779571915256
-20.128581776196103
-20.137295958434144
-20.135922998849804
-20.144563768861307
-20.153118131172693
-20.151586949860967
-20.130071080362356
-20.128770369558733
-20.137482665863146
-20.146107839204515
-20.124646760812468
-20.133400293204343
-20.1320662902723
-20.140745627369576
-20.14933817109588
-20.14784478938492
-20.14636634149107
-20.154902678076162
-20.163353651295402
-20.17172011478245
-20.180002913634624
-20.178202884498276
-20.176420855653294
-20.184656647096762
-20.182810080625792
-20.190981979819536
-20.18907216002134
-20.177181438421126
-20.165409624036915
-20.153755527796548
-20.132217972518582
-20.140895792793398
-20.139486834865462
-20.138091966516807
-20.14671104685164
-20.12524393638312
-20.113991497019292
-20.1228515820491
-20.11162306622861
-20.110506835566323
-20.10940176721066
-20.10830774953855
-20.107224672043163
-20.10615242532273
-20.105090901069502
-20.104039992058805
-20.112999592138216
-20.121869596216836
-20.11065090025467
-20.119544391252123
-20.1183489473396
-20.107165457866206
-20.116093803287544
-20.10493286525467
-20.093883536602124
-20.102944701236105
-20.091915254223746
-20.090996101681508
-20.070086140664692
-20.079385279258045
-20.088591426465463
-20.077705512200808
-20.086928457078802
-20.076059172508014
-20.07529858078293
-20.074545594975103
-20.083800139025353
-20.0829621376351
-20.06213251625875
-20.051511191096164
-20.060996079185202
-20.06038611839335
-20.069782257209418
-20.079084434637323
-20.07829359029095
-20.05751065438804
-20.05693554784416
-20.066366192365717
-20.04570253044206
-20.04524550513764
-20.044793050086263
-20.0343451195854
-20.034001668389543
-20.02366165170565
-20.02342503518859
-20.023190784836704
-20.03295887698834
-20.012629288218456
-20.002502995336272
-20.01247796538291
-20.01235318572908
-20.01222965387179
-20.01210735733307
-20.021986283759738
-20.001766420922138
-19.99174875671292
-20.00183126914579
-19.971812956454333
-19.98209482688979
-19.98227387862089
-19.99245113983468
-19.992526628436334
-19.97260136215197
-19.97287534853045
-19.96314659504515
-19.9735151290947
-19.983779977803753
-19.983942178025714
-19.994102756245457
-20.004161728683002
-20.014120111396174
-20.013978910282212
-20.013839121179387
-20.003700729967594
-19.993663722667918
-19.963727085441242
-19.944089814586828
-19.944648916440958
-19.95520242727655
-19.945650403003786
-19.946193898973746
-19.926731959984007
-19.937464640384167
-19.938089993980324
-19.94870909404052
-19.949222003100115
-19.939729783069115
-19.94033248523842
-19.940929160386037
-19.91151986878218
-19.88240467009436
-19.873580623393416
-19.884844817159482
-19.895996368987888
-19.88703640529801
-19.86816604124503
-19.87948438083258
-19.870689537024255
-19.881982641654012
-19.873162815237475
-19.8744311870851
-19.88568687521425
-19.89683000646211
-19.90786170639749
-19.888783089333515
-19.899895258440182
-19.910896305855783
-19.911787342797226
-19.922669469369254
-19.88344277467556
-19.894608346928806
-19.875662263459517
-19.876905640824923
-19.888136584416674
-19.889255218572508
-19.870362666386782
-19.851659039722914
-19.853142449325684
-19.844611024832428
-19.836164914584106
-19.827803265438266
-19.829525232783883
-19.801229980456046
-19.813217680651487
-19.825085503844974
-19.816834648806527
-19.818666302318462
-19.780479639295276
-19.732674842902323
-19.7253480944733
-19.718094613528567
-19.73091366739328
-19.70360453071935
-19.696568485412158
-19.649602800558036
-19.663106772552457
-19.636475704826935
-19.640110947778666
-19.61370983830088
-19.587572739917874
-19.601697012518695
-19.61568004239351
-19.609523241969576
-19.613428009549878
-19.60729372945438
-19.601220792159836
-19.605208584238238
-19.619156498395856
-19.6329649334119
-19.63663528407778
-19.610268931237005
-19.58416624192464
-19.59832457950539
-19.602341333710335
-19.60631792037323
-19.600254741169497
-19.614252193757803
-19.608109671820227
-19.602028575102025
-19.586008289351003
-19.580148206457494
-19.58434672439292
-19.53850325714899
-19.5531182245775
-19.547587042331724
-19.552111171908408
-19.536590060189322
-19.52122415958743
-19.526011917991553
-19.540751798811637
-19.555344280823522
-19.559790838015285
-19.56419292963513
-19.55855100033878
-19.562965490335394
-19.51733583543204
-19.522162477077718
-19.53694085230694
-19.55157144378387
-19.55605572934603
-19.56049517205257
-19.564890220332043
-19.559241318128723
-19.553648904947437
-19.558112415897963
-19.552531291738983
-19.557005978821593
-19.521435919033376
-19.52622155984304
-19.540959344244612
-19.51554975080217
-19.500394253294147
-19.505390310761204
-19.52033640765359
-19.505133043577054
-19.500081713141284
-19.495080896009874
-19.490130087049778
-19.49522878617928
-19.500276498317486
-19.475273733334312
-19.44052099600097
-19.42611578604096
-19.44185462818055
-19.427436081898744
-19.443161721079758
-19.418730103868963
-19.414542802830276
-19.430397374801974
-19.426093401053954
-19.431832467043414
-19.41751414237298
-19.423339000949248
-19.389105610939755
-19.375214554830357
-19.391462409282056
-19.377547785189236
-19.393772307337343
-19.39983458426397
-19.375836238421332
-19.37207787603712
-19.378357097276748
-19.384573526303978
-19.370727791040938
-19.38702051313053
-19.373150307999225
-19.379418804919233
-19.38562461687004
-19.40176837070134
-19.387750686994327
-19.363873180124386
-19.380234448323144
-19.396432103839913
-19.392467782801514
-19.3885431049735
-19.394657673923763
-19.39071109718453
-19.406803986212683
-19.402735946350557
-19.40870858688705
-19.384621501018184
-19.380775286008003
-19.396967533147922
-19.392997857816443
-19.379067879238278
-19.395277200445896
-19.401324428441438
-19.407311184157024
-19.423238072315453
-19.4390056915923
-19.444615634676374
-19.43016947832961
-19.425867783546316
-19.441609105710853
-19.447193014653745
-19.42272108450721
-19.428493873662138
-19.424208934925517
-19.43996684557626
-19.4555671771205
-19.461011505349294
-19.476401390295802
-19.461637376392844
-19.457021002628917
-19.42245079260263
-19.438226284676603
-19.453844021829838
-19.43930558161154
-19.444912525795424
-19.44046340053747
-19.4160587665321
-19.39189817886678
-19.39797919707811
-19.403999405107328
-19.399959411056255
-19.395959816945695
-19.39200021877624
-19.368080216588478
-19.37439941442259
-19.370655420278364
-19.346948866075582
-19.353479377414825
-19.349944583640678
-19.366445137804273
-19.36278068642623
-19.329152879561967
-19.295861350766348
-19.312902737258685
-19.309773709886098
-19.30667597278724
-19.323609213059367
-19.320373120928775
-19.31716938971949
-19.333997695822294
-19.33065771886407
-19.327351141675432
-19.324077630258678
-19.34083685395609
-19.30742848541653
-19.304354200562365
-19.32131065855674
-19.308097551971173
-19.30501657645146
-19.281966410686948
-19.27914674658008
-19.266355279114276
-19.273691726323133
-19.2809548090599
-19.2681452609693
-19.245463808359606
-19.25300917027601
-19.23047907857325
-19.218174287787516
-19.195992544909643
-19.184032619460545
-19.19219229326594
-19.19027037033328
-19.168367666629948
-19.136683989963647
-19.13531715006401
-19.15396397856337
-19.162424338777736
-19.170800095389957
-19.179092094436058
-19.1773011734917
-19.175528161756784
-19.183772880139216
-19.181935151337825
-19.13011579982445
-19.058814641826206
-19.038226495407947
-19.007844230453866
-18.98776578814933
-18.987888130267837
-18.98800924896516
-18.998129156475507
-18.98814786491075
-18.95826638626164
-18.958683722399027
-18.969096885175034
-18.959405916323284
-18.94981185716005
-18.94031373858845
-18.950910601202565
-18.94140149519054
-18.941987480238637
-18.892567605436252
-18.91364192938189
-18.93450551008807
-18.895160454987188
-18.89620885043732
-18.87724676193295
-18.85847429431362
-18.839889551370486
-18.811490655856783
-18.803375749298215
-18.775341991805234
-18.757588571887183
-18.760012686168313
-18.782412559306632
-18.754588433713565
-18.747042549376427
-18.739572123882663
-18.732176402643837
-18.7348546386174
-18.737506092231225
-18.740131031308913
-18.752729720995823
-18.765202423785865
-18.757550399548006
-18.749974895552526
-18.752475146597003
-18.754950395131033
-18.767400891179722
-18.759726882267923
-18.712129613445246
-18.715008317310794
-18.707858234137685
-18.720779651796306
-18.703571855278344
-18.71653613672556
-18.669370775358303
-18.64267706760472
-18.656250296928672
-18.609687793959385
-18.57359091601979
-18.567855006859592
-18.542176456790997
-18.506754692223087
-18.491687145300858
-18.49677027384785
-18.481802571109373
-18.48698454539828
-18.4921146999443
-18.497193552944857
-18.502221617415408
-18.507199401241255
-18.53212740722884
-18.52680613315655
-18.551538071824986
-18.556022691106737
-18.56046246419567
-18.544857839553714
-18.52940926115818
-18.5141151685466
-18.52897401686113
-18.52368427669252
-18.518447433925594
-18.50326295958634
-18.52823032999048
-18.522948026690575
-18.49771854642367
-18.472741360959432
-18.47801394734984
-18.483233807876342
-18.46840146979758
-18.443717455099605
-18.459280280548608
-18.47468747774312
-18.439940602965688
-18.43554119693603
-18.46118578496667
-18.446573927117004
-18.41210818784583
-18.37798710596737
-18.3842072349077
-18.40036516255862
-18.356361510933034
-18.342797895823704
-18.359369916865464
-18.35577621769681
-18.352218455519843
-18.368696270964644
-18.345009308254998
-18.36155921517245
-18.377943623020723
-18.364164186790518
-18.350522544922615
-18.33701731947339
-18.353647146278654
-18.340110674815868
-18.34670956806771
-18.353242472387034
-18.349710047663162
-18.33621294718653
-18.352850817714664
-18.33932230953752
-18.335929086442142
-18.332569795577722
-18.339244097621947
-18.335851656645726
-18.31249314007927
-18.329368208678474
-18.31607452659169
-18.332913781325775
-18.349584643512518
-18.346088797077392
-18.35262790910662
-18.359101630015555
-18.3655106137154
-18.381855507578244
-18.388036952502464
-18.36415658297744
-18.360515017147666
-18.36690986697619
-18.35324076830643
-18.37970836062337
-18.385911277017136
-18.372052164246966
-18.348331642604496
-18.34484832617845
-18.341399842916665
-18.3379858444875
-18.35460598604262
-18.341059926182197
-18.307649326920373
-18.304572833651168
-18.281527105314655
-18.28871183426151
-18.30582471591889
-18.262766468759704
-18.290138804072107
-18.277237416031387
-18.264465041871073
-18.271820391452362
-18.28910218753784
-18.28621116566246
-18.263349054005836
-18.230715563465775
-18.23840840783112
-18.206024323752807
-18.19396408051528
-18.202024439710126
-18.220004195313024
-18.227804153359894
-18.235526111826296
-18.223170850708033
-18.22093914220095
-18.228729750778943
-18.236442453271156
-18.194078028738446
-18.182137248451063
-18.15031587596655
-18.168812717206887
-18.137124590034816
-18.14575334413447
-18.134295810693125
-18.152952852586193
-18.161423324060333
-18.14980909081973
-18.128310999911534
-18.11702788991242
-18.075857611013298
-18.075099034903165
-18.104348044554133
-18.093304564108593
-18.122371518467506
-18.131147803282833
-18.089836325250005
-18.078937961997507
-18.048148582377532
-18.037667096553758
-18.027290425588223
-18.02701752133234
-18.006747346119017
-17.956679872657826
-17.967113073931248
-17.967441943191936
-17.987767523760017
-17.987889848522418
-17.968010950037193
-17.93833084053682
-17.918947532131455
-17.87975805681014
-17.900960476242037
-17.871950871479616
-17.89323136276482
-17.904299049137173
-17.8852560586458
-17.85640349805934
-17.86783946307875
-17.899161068447963
-17.85016945776348
-17.84166776318585
-17.84325108555399
-17.834818574698453
-17.76647038895147
-17.758805685061954
-17.781217628211333
-17.79340545192922
-17.785471397409932
-17.817616683435833
-17.799440516601475
-17.811446111435462
-17.82333165032111
-17.795098333817897
-17.78714735047972
-17.75927587697492
-17.771683118205175
-17.783966287023123
-17.776126624152894
-17.728365357911365
-17.70108170433225
-17.69407088728893
-17.69713017841604
-17.71015887663188
-17.69305728786556
-17.666126714986902
-17.639465447837033
-17.64307079335866
-17.656640085425074
-17.63007368457082
-17.593772947725114
-17.597835218247862
-17.57185686606538
-17.56613829740473
-17.550476914430682
-17.564972145286376
-17.58932242383351
-17.583429199595177
-17.547594907599226
-17.552118958523234
-17.486597768938
-17.501731791248623
-17.496714473336137
-17.471747328602774
-17.46702985531675
-17.452359556763582
-17.437835961195947
-17.463457601583986
-17.478823025568147
-17.474034795312466
-17.399294447359342
-17.40530150288575
-17.351248487856893
-17.347736002978326
-17.364258642948545
-17.36061605651906
-17.36700989595387
-17.32333979699433
-17.330106399024384
-17.35680533503414
-17.3732372816838
-17.38950490886696
-17.31560985977829
-17.30245376118051
-17.2794292235687
-17.256634931333014
-17.21406858201968
-17.191927896199484
-17.23000861723749
-17.207708531065116
-17.195631445754465
-17.23367513129692
-17.231338379983953
-17.219024996184114
-17.246834746222273
-17.23436639876005
-17.172022734772447
-17.210302507424725
-17.188199482350477
-17.206317487526974
-17.204254312651706
-17.19221176952519
-17.170289651829936
-17.148586755311634
-17.137100887758518
-17.11572987888093
-17.12457258009212
-17.153326854291198
-17.121793585748286
-17.1105756498908
-17.099469893391895
-17.118475194457975
-17.097290442513394
-17.08631753808826
-17.065454362707374
-17.0947998190803
-17.103851820889496
-17.0828133026806
-17.091985169653793
-17.071065317957252
-17.03035466477768
-17.030051118129904
-17.009750606948604
-17.02965310087912
-17.009356569870327
-16.929263004171624
-16.899970374129907
-16.90097067038861
-16.881960963684723
-16.893141354047874
-16.904209940507396
-16.905167841102323
-16.9161161626913
-16.916955001064387
-16.917785451053746
-16.898607596543208
-16.889621520577776
-16.900725305372
-16.931718052318278
-16.952400871795096
-16.922876863077146
-16.903648094446375
-16.89461161350191
-16.885665497366894
-16.896808842393224
-16.897840753969295
-16.9088623464296
-16.919773722965303
-16.920575985735653
-16.9413702258783
-16.941956523619517
-16.91253695838332
-16.923411588799485
-16.94417747291149
-16.914735698182376
-16.905588341200552
-16.906532457788547
-16.927467133210662
-16.888192461878553
-16.82931053725977
-16.84101743188717
-16.8326072575683
-16.814281184992613
-16.796138373142686
-16.828176989411258
-16.809895219517145
-16.811796267321974
-16.79367830464875
-16.815741521602263
-16.85758410638624
-16.87900826532238
-16.840218182669155
-16.861816000842463
-16.86319784083404
-16.7945658624257
-16.77662020380144
-16.768854001763426
-16.75116546174579
-16.743653807128332
-16.73621726905705
-16.74885509636648
-16.751366545402817
-16.77385287994879
-16.7561143511493
-16.718553207637807
-16.72136767556143
-16.734153998805816
-16.726812458817758
-16.73954433422958
-16.762148890887286
-16.694527401978412
-16.667582127958628
-16.690906306679043
-16.653997243612253
-16.637457271176128
-16.64108269846437
-16.674671871479724
-16.677925152764928
-16.68114590123728
-16.714334442224906
-16.717191097802658
-16.670019186824632
-16.613318994956384
-16.56718580500682
-16.53151394695675
-16.526198807487184
-16.550936819412314
-16.555427451218193
-16.559873176706013
-16.594274444938954
-16.588331700489565
-16.56244838348467
-16.516823899649825
-16.49165566065333
-16.486739104046794
-16.461871713006328
-16.427252995876263
-16.432980465917502
-16.45865066125833
-16.474064154645745
-16.459323513099285
-16.44473027796829
-16.45028297518861
-16.475780145436726
-16.48102234398236
-16.466212120542536
-16.45154999933711
-16.44703449934374
-16.412564154350303
-16.4384385128068
-16.454054127678734
-16.45951358640195
-16.42491845053793
-16.44066926603255
-16.486262573372226
-16.501399947638504
-16.486385948162116
-16.471522088680494
-16.40680686779369
-16.39273879911575
-16.37881141112459
-16.365023297013344
-16.36137306404321
-16.36775933340278
-16.33408174006875
-16.330740922668063
-16.337433513441383
-16.33405917830697
-16.3007185865239
-16.27771140065866
-16.254934286652073
-16.162384943785554
-16.150761094347697
-16.139253483404218
-16.127860948570174
-16.12658233908447
-16.115316515693625
-16.12416335053669
-16.142921717031324
-16.13149249986101
-16.160177574862402
-16.158575799113777
-16.15699004112264
-16.185420140711415
-16.1735659393043
-16.18183027991126
-16.150011977112147
-16.158511857341026
-16.126926738767615
-16.05565747137994
-16.01510089666614
-16.00494988769948
-16.014900388822483
-16.004751384934256
-15.994703871084914
-16.014756832374065
-16.064609264050326
-16.073963171409822
-16.043223539695724
-16.042791304298767
-16.09236339125578
-16.021439757343224
-16.011225359769792
-16.031113106172096
-16.000801975110374
-16.02079395535927
-16.04058601580568
-16.050180155647624
-16.01967835409115
-16.039481570550237
-16.019086754844732
-16.028895887296287
-16.058606928423323
-16.04802085913909
-16.017540650547698
-16.01736524404222
-16.0071915916018
-16.00711967568578
-15.987048478928921
-15.977177994139632
-15.977406214198236
-16.027632152056253
-16.01735583053569
-16.02718227223033
-16.026910449508026
-16.046641345012947
-16.01617493156282
-16.00601318224719
-15.985953050424719
-15.976093519920472
-16.006332584721267
-16.046269258874055
-16.055806566285316
-16.045248500622463
-16.05479601561624
-16.074248055460078
-16.073505574905475
-16.032770519156422
-16.00244281396486
-15.972418385825211
-15.94269420196696
-15.933267259947291
-15.963934587347817
-15.964295241474339
-15.984652289059595
-15.954805766168999
-16.005257708507308
-16.025205131422236
-16.034953080108014
-16.044603549306935
-15.994157513813864
-15.994215938675726
-15.994273779288969
-15.97433104149608
-15.92458773108112
-15.89534185377031
-15.826388435232607
-15.83812455088028
-15.849743305371478
-15.861245872317763
-15.872633413594585
-15.85390707945864
-15.865368008664053
-15.916714328577413
-15.917547185291639
-15.948371713438721
-15.958887996304334
-15.97929911634129
-15.949506125177878
-15.9800110639261
-15.940210953286837
-15.91080884375397
-15.90170075531643
-15.892683747763266
-15.833756910285633
-15.835419341182776
-15.817065147770949
-15.82889449629324
-15.770605551330307
-15.772899495817004
-15.745170500858835
-15.777718795850246
-15.759941607891744
-15.752342191812826
-15.754818769894698
-15.727270582195752
-15.709997876373794
-15.702897897610057
-15.705868918633957
-15.738810229447617
-15.761422127153141
-15.793807905881609
-15.805869826822793
-15.827811128554565
-15.869533017269019
-15.860837687096328
-15.802229310225364
-15.79420701712311
-15.78626494695188
-15.79840229748236
-15.750418274507535
-15.76291409176246
-15.705284950844835
-15.698232101336387
-15.721249780323022
-15.714037282519792
-15.716896909694594
-15.749727940597648
-15.802230661191672
-15.834208354579754
-15.865866271033957
-15.817207608323617
-15.74903553224038
-15.741545176917977
-15.714129725148798
-15.746988427897309
-15.719518543618337
-15.682323358182153
-15.695500124600331
-15.678545123354327
-15.691759672120783
-15.714842075399575
-15.677693654645578
-15.700916718099123
-15.693907550918132
-15.72696847540895
-15.729698790654862
-15.692401802748313
-15.655477784720828
-15.618923006873619
-15.612733776804882
-15.606606439036833
-15.640540374646465
-15.6641349709
-15.667493621191
-15.610818684979089
-15.604710498129299
-15.598663393148005
-15.642676759216524
-15.666249991624358
-15.689587491708114
-15.672691616791033
-15.655964700623123
-15.689405053616891
-15.692511003080723
-15.685585893049916
-15.658730034119419
-15.642142733778226
-15.615721306440443
-15.59956409337604
-15.55356845244228
-15.568032767917856
-15.562352440238678
-15.52672891583629
-15.521461626677928
-15.49624701041115
-15.501284540307038
-15.446271694903967
-15.441808977954928
-15.447390888175379
-15.462916979293626
-15.458287809500689
-15.453704931405682
-15.479167882091625
-15.414376203270708
-15.420232441238001
-15.396030116825623
-15.422069815657366
-15.417849117500793
-15.403670626325786
-15.409633920062529
-15.405537580861903
-15.421482205053284
-15.407267383002752
-15.423194709172725
-15.468962762080997
-15.484273134460187
-15.439430403115585
-15.405036099084429
-15.420985738093584
-15.39677588071265
-15.332808121905522
-15.319480040686468
-15.356285240279602
-15.402722387876805
-15.388695163998037
-15.414808212358055
-15.410660130234476
-15.41655352893213
-15.41238799364281
-15.438264113706381
-15.383881472569318
-15.420042657843624
-15.435842231265188
-15.461483808952535
-15.44686897086301
-15.422400281154381
-15.438176278342837
-15.41379451555941
-15.439656570403814
-15.375260004699776
-15.371507404652778
-15.357792330606252
-15.324214407300188
-15.340972263227187
-15.357562540594914
-15.323986915188964
-15.330747046037075
-15.347439575576704
-15.383965179820937
-15.380125528022727
-15.4163242727425
-15.392161030015076
-15.368239419714927
-15.384557025517777
-15.3707114552626
-15.347004340709974
-15.243534297302874
-15.231098954329847
-15.268787964786547
-15.276100085138681
-15.273339084287295
-15.310605693444423
-15.317499636509979
-15.334324640144878
-15.33098139374343
-15.367671579805995
-15.363994864007935
-15.380354915367855
-15.406551366214176
-15.412485852552035
-15.438360994026514
-15.41397738408625
-15.409837610245388
-15.385739234142935
-15.351881841801506
-15.35836302338349
-15.354779393149656
-15.35123159921816
-15.33771928322598
-15.35434209039372
-15.370798669489783
-15.387090682794886
-15.363219775966938
-15.399587578207267
-15.395591702425195
-15.411635785400943
-15.377519427546932
-15.343744233271462
-15.280306790938747
-15.29750372302936
-15.274528685799067
-15.251783398941077
-15.309265564951668
-15.336172909302151
-15.34281118020913
-15.33938306840704
-15.33598923772297
-15.33262934534574
-15.349303051892283
-15.32581002137336
-15.322551921159627
-15.28932640194803
-15.28643313792855
-15.263568806549264
-15.290933118483771
-15.308023787298934
-15.344943549425944
-15.351494113931684
-15.347979172792368
-15.334499381064445
-15.3711543872538
-15.387442843381262
-15.393568414947449
-15.389632730797974
-15.345736403489994
-15.372279039455094
-15.348556249060543
-15.365070686569938
-15.36141997970424
-15.347805779907198
-15.364327722108126
-15.350684444887046
-15.307177600438175
-15.324105824433794
-15.330864766189455
-15.28755611852756
-15.304680557342284
-15.221633751768861
-15.219417414251172
-15.18722324010866
-15.185351007707574
-15.173497497630498
-15.131762522654192
-15.110444897427652
-15.099340448453376
-15.078347043968842
-15.067563573529155
-15.086887937793863
-15.116019058415924
-15.154858867831765
-15.093310279153446
-15.092377176361913
-15.111453404598294
-15.130338870552311
-15.109035481846789
-15.04794512702832
-15.027465675758037
-15.027191019000457
-15.046919108810451
-15.026449917722347
-15.006185418545124
-15.006123564359672
-14.996062328716077
-14.976101705428917
-14.95634068837463
-14.936777281490883
-14.957409508675974
-14.957835413589216
-14.968257059453324
-14.96857448885879
-14.998888743970202
-15.0188998565305
-15.018710857965194
-15.008523749385542
-15.028438511891686
-15.048154126772769
-14.99767258550504
-15.037695859649988
-15.057318901053488
-15.076745712042953
-15.065978254922523
-15.0653184723733
-15.024665287649565
-15.00441863477307
-15.044374448425339
-14.983930703941086
-14.984091396901675
-14.974250482932659
-14.994507978103332
-14.964562898322297
-14.964917269339075
-14.965268096645685
-14.925615415679228
-14.946359261522437
-14.936895668907212
-14.87752671221814
-14.918751445095959
-14.929563930645
-14.94026829133855
-14.920865608425165
-14.871656952340913
-14.882940382817504
-14.884110978989328
-14.875269869199435
-14.83651717050744
-14.838151998802365
-14.829770478814343
-14.8414727740262
-14.843058046285938
-14.82462746582308
-14.796381191164848
-14.7884173792532
-14.790533205460669
-14.742627873406061
-14.705201594672
-14.64814957872528
-14.651668082938027
-14.655151402108647
-14.658599888087561
-14.642013889206687
-14.645593750314621
-14.639137812811475
-14.58274643468336
-14.626918970336526
-14.600649780633159
-14.594643282826828
-14.52869684999856
-14.553409881498574
-14.497875782683588
-14.522897024856752
-14.547668054608184
-14.512191374062102
-14.55706946032148
-14.571498765718266
-14.575783778061083
-14.600025940280473
-14.634025680877668
-14.59768542406889
-14.6317085698282
-14.655391484129918
-14.63883756928862
-14.542449193595735
-14.487024701659777
-14.47215445464318
-14.467432910096749
-14.432758580995781
-14.458430995185823
-14.453846685233966
-14.459308218381626
-14.50471513619781
-14.489667984835831
-14.534771304987473
-14.499423591937598
-14.54442935601822
-14.518985062458038
-14.543795211833457
-14.528357259715122
-14.57307368711797
-14.60734295024679
-14.551269520744322
-14.565756825536878
-14.540099257281508
-14.474698264708692
-14.499951282061605
-14.514951769240989
-14.559802251548579
-14.584204229033093
-14.608362186742761
-14.632278564875334
-14.59595577922658
-14.599996221434315
-14.613996259219972
-14.617856296627773
-14.601677733661496
-14.585660956324881
-14.569804346761634
-14.564106303294018
-14.528465240261077
-14.523180587858468
-14.527948781979884
-14.502669294160084
-14.447642601218483
-14.343166175206298
-14.349734513454235
-14.316237168319692
-14.333074796636495
-14.32974404867013
-14.34644660818343
-14.312982142101594
-14.319852320680578
-14.316653797473773
-14.363487259499035
-14.339852386904044
-14.336453863035004
-14.343089324404653
-14.299658431160607
-14.286661846849002
-14.303795228380512
-14.310757276096707
-14.30764970333574
-14.284573206302381
-14.291727474239357
-14.318810199496964
-14.325622097501995
-14.332365876526975
-14.279042217761704
-14.256251795584086
-14.213689277628244
-14.171552384851962
-14.189836861003442
-14.147938492393408
-14.176459107469473
-14.124694516394777
-14.14344757123083
-14.10201309551852
-14.060992964563335
-14.070383034917702
-14.079679204568526
-14.068882412522841
-14.088193588397612
-14.097311652513635
-14.0963385359885
-14.145375150628613
-14.163921399122327
-14.192282185131104
-14.180359363279793
-14.168555769646996
-14.126870211950527
-14.135601509831021
-14.154245494732711
-14.152703039785385
-14.18117600938753
-14.169364249293656
-14.187670606800719
-14.23579390073271
-14.253435961725383
-14.24090160210813
-14.268492586087048
-14.255807660226179
-14.243249583623918
-14.210817087787678
-14.198708916909801
-14.156721827740704
-14.135154609463296
-14.143803063368663
-14.132365032734977
-14.121041382407629
-14.139830968583553
-14.098432658897718
-14.14744833230874
-14.195973848985652
-14.214014110495796
-14.211873969390838
-14.23975522969693
-14.20735767739996
-14.24528410062596
-14.222831259619701
-14.210602947023505
-14.21849691755327
-14.206311948377738
-14.24424882889396
-14.191806340605021
-14.20988827719897
-14.197789394426982
-14.205811500482712
-14.203753385477885
-14.231715851623106
-14.259398693106874
-14.306804706175805
-14.343736659114047
-14.310299292522906
-14.237196299597677
-14.2448243366017
-14.272376093235684
-14.279652332303327
-14.276855808980294
-14.254087250890489
-14.281546378381584
-14.26873091459777
-14.276043605451791
-14.203283169397274
-14.2512503377033
-14.218737834326268
-14.216550455983006
-14.184384951423175
-14.162541101908943
-14.190915690889852
-14.169006533980953
-14.157316468641143
-14.205743303954732
-14.233685870915185
-14.251349012206033
-14.178835522083972
-14.227047166863132
-14.2747766951945
-14.272028928242555
-14.27930863896013
-14.266515552570528
-14.313850397044822
-14.340711893074374
-14.34730477414363
-14.323831726402194
-14.290593409138172
-14.31768747504679
-14.304510600296323
-14.33146549429336
-14.308150839350425
-14.335069330956921
-14.381718637647351
-14.367901451270878
-14.40422243675817
-14.370180212390588
-14.336478410266682
-14.343113626164016
-14.309682489902375
-14.256585665003351
-14.214019808353317
-14.201879610269785
-14.189860814167087
-14.197962206025416
-14.17598258396516
-14.204222758125509
-14.212180530544254
-14.220058725238811
-14.217858137986424
-14.23567955660656
-14.193322761040493
-14.221389533430088
-14.209175638095788
-14.177083881714829
-14.13531304289768
-14.133959912468704
-14.182620313344016
-14.190794110210575
-14.19888616910847
-14.236897307417385
-14.264528334343211
-14.25188305099978
-14.239364220489783
-14.186970578284885
-14.195100872502037
-14.213149863777016
-14.211018365139246
-14.188908181487852
-14.167019099672972
-14.195348908676243
-14.19339541958948
-14.171461465393584
-14.16974685073965
-14.188049382232252
-14.20616888840993
-14.194107199525831
-14.202166127530573
-14.210144466255267
-14.158043021592714
-14.126462591376786
-14.115197965463018
-14.114045985808389
-14.142905525950304
-14.141476470690803
-14.110061705983894
-14.078961088924054
-13.978171478034811
-13.968389763254464
-13.92870586562192
-13.939418806965701
-13.930024618896045
-13.920724372707085
-13.971517128980013
-13.981801957690212
-13.95198393811331
-13.952464098732177
-13.962939457744856
-13.993310063167407
-13.943376962535732
-13.943943192910375
-13.954503760981272
-13.96495872337146
-13.915309136137745
-13.946156044776368
-13.956694484328604
-13.897127539485318
-13.848156264090465
-13.829674701449559
-13.811377954435063
-13.833264174890711
-13.804931533141804
-13.756882217810386
-13.749313395632283
-13.80182026167596
-13.8538020590592
-13.885264038468607
-13.896411398083922
-13.917447284103083
-13.888272811262052
-13.89939008314943
-13.930396182317937
-13.931092220494758
-13.941781298289811
-13.972363485306913
-13.982639850453843
-13.952813451949304
-13.953285317429811
-13.943752464255514
-13.954314939612958
-13.96477179021683
-13.965124072314662
-13.975472831591516
-13.9757181032756
-13.985960922242844
-13.976101313020417
-13.926340299890212
-13.94707689689131
-13.987606127922398
-14.037730066643173
-14.047352765976742
-14.036879238316974
-13.956510445933805
-13.956945341474468
-13.947375888059723
-13.957902129179125
-13.928323107887334
-13.889039876808459
-13.880149478040375
-13.881347983259971
-13.912534503427372
-13.943409158393099
-13.943975066809168
-13.984535316141075
-13.974689962979665
-13.954943063349868
-13.955393632716369
-13.935839696389204
-13.926481299425312
-13.917216486431059
-13.888044321566747
-13.89916387835108
-13.87017223956757
-13.781470517171895
-13.793655812000177
-13.775719253880174
-13.717962061341373
-13.740782440727958
-13.713374616320678
-13.726240870157472
-13.678978461455896
-13.652188676841337
-13.645666790072925
-13.669210122172196
-13.652518020950472
-13.605992840740967
-13.619932912333558
-13.533733583210223
-13.568396247378121
-13.572712284904341
-13.576985162055298
-13.541215310434744
-13.535803157330397
-13.570445125757093
-13.524740674499522
-13.479493267754528
-13.434698335076982
-13.390351351726212
-13.38644783820895
-13.32258335982686
-13.30935752622859
-13.316263950966304
-13.333101311456641
-13.299770298342073
-13.316772595358653
-13.343604869405066
-13.360168820711015
-13.366567132503906
-13.312901461178868
-13.299772446567077
-13.356774722101406
-13.353206974880392
-13.309674905131587
-13.246578156080272
-13.254112374519469
-13.251571250774274
-13.23905553826653
-13.236664982883866
-13.234298333055028
-13.251955349724478
-13.249435796227234
-13.20694143826496
-13.19487202388231
-13.212923303643487
-13.190794070607051
-13.21888612990098
-13.23669726860197
-13.25433029591595
-13.271786992956791
-13.289069123027224
-13.27617843179695
-13.25341664747898
-13.260882481004192
-13.29827365619415
-13.335290919632207
-13.331938010435886
-13.358618630331527
-13.385032444028212
-13.37118211958793
-13.41747029839205
-13.39329559540813
-13.409362639454049
-13.355269013059509
-13.391716322928914
-13.397799159699625
-13.47382116810263
-13.509082956421603
-13.403992126857386
-13.389952205588811
-13.386052683532924
-13.382192156697595
-13.388370235130619
-13.414486532779312
-13.39034166745152
-13.356438250777003
-13.402873868269232
-13.39884512958654
-13.404856678290676
-13.440808111507769
-13.436400030392692
-13.432036030088765
-13.357715669787877
-13.36413851309
-13.260497127959098
-13.267892156679508
-13.265213235112714
-13.232561102761586
-13.18023549173397
-13.16843313681663
-13.236748805448462
-13.244381317393978
-13.28193750422004
-13.299118129177838
-13.276126947886059
-13.273365678407199
-13.310632021623126
-13.277525701406894
-13.294750444392825
-13.251802939948897
-13.16928491054941
-13.137592061443915
-13.096216140829474
-13.13525397942118
-13.153901439626967
-13.142362425230697
-13.20093880097839
-13.148929412968606
-13.22744011883892
-13.18516571765053
-13.233314060474024
-13.230980919869284
-13.24867111067059
-13.266184399563885
-13.213522555568247
-13.211387330012565
-13.23927345671244
-13.246880722145315
-13.214411914923861
-13.162267795774623
-13.120645117816876
-13.089438666638706
-13.10854427997232
-13.107458837172597
-13.08638424880087
-13.035520406312862
-13.035165202249734
-13.074813550227237
-13.074065414724965
-13.073324760577716
-13.062591512971938
-13.051965597842218
-13.031445941863796
-12.961131482445158
-12.921520167620706
-12.912304965944498
-12.893181916285053
-12.814250097122203
-12.816107596150982
-12.777946520189472
-12.810167054987577
-12.7720653844377
-12.744344730593323
-12.74690128328739
-12.729432270454515
-12.77213794774997
-12.79441656827247
-12.806472402589746
-12.848407678563849
-12.829923601778209
-12.841624365760428
-12.873208122102824
-12.874476040881797
-12.89573128047298
-12.85677396766825
-12.878206227991567
-12.919424165711652
-12.930229924054535
-12.920927624813988
-12.951718348565848
-12.96220116508019
-13.002579153429387
-13.012553361895094
-13.012427828276143
-13.002303549993382
-12.962280514493449
-12.952657709348513
-12.983131132255028
-13.023299820932477
-13.053066822723153
-13.072536154495921
-13.041810792950962
-13.071392685021452
-13.000678758171238
-13.000671970589528
-12.960665250883633
-12.911058598374796
-12.911948012391049
-12.882828532267139
-12.844000246944468
-12.785560244475024
-12.767704642030273
-12.75002759560997
-12.77252731965387
-12.75480204645733
-12.757254025992758
-12.69968148573283
-12.672684670875501
-12.645957824166747
-12.659498245925079
-12.642903263465827
-12.62647423083117
-12.620209488522857
-12.65400739363763
-12.637467319701253
-12.65109264650424
-12.644581720039197
-12.648135902838806
-12.641654543810418
-12.625237998372313
-12.65898561838859
-12.592395762204704
-12.626471804582657
-12.630207086536831
-12.633905015671465
-12.61756596551475
-12.6113903058596
-12.575276402801004
-12.599523638772993
-12.593528402385262
-12.627593118361409
-12.611317187177795
-12.575204015306017
-12.559451975152957
-12.553857455401426
-12.548318880847411
-12.532835692038937
-12.527507335118546
-12.502232261767361
-12.547209939149687
-12.57173783975819
-12.57602046136061
-12.520260256747004
-12.465057654179535
-12.41040707763774
-12.466303006861363
-12.431639976792749
-12.42732357702482
-12.423050341254571
-12.448819837842025
-12.344331639463604
-12.350888323068968
-12.27737943983828
-12.304605645439898
-12.3115595889855
-12.308443993095644
-12.325359553164688
-12.31210595763304
-12.28898489805671
-12.316095049076143
-12.332934098585381
-12.299604757599527
-12.326608710023532
-12.293342622923296
-12.270409196694063
-12.297705104727122
-12.32472805367985
-12.321480773143051
-12.328265965411621
-12.354983305757505
-12.36143347269993
-12.387819137972931
-12.313940946593203
-12.31080153712727
-12.377693521755997
-12.353916586538437
-12.420377420673052
-12.406173646466321
-12.432111910001659
-12.427790790901641
-12.463512882992624
-12.438877754162698
-12.474488976621071
-12.49974408685486
-12.484746645986311
-12.469899179526447
-12.305200187731183
-12.28214818585387
-12.27932670399533
-12.226533436955377
-12.174268102585824
-12.222525421559965
-12.210300167344364
-12.19819716567092
-12.216215194014211
-12.194053042074069
-12.192112511653328
-12.190191386536794
-12.138289472671426
-12.166906577944712
-12.195237512165265
-12.143285137043613
-12.111852285673177
-12.100733762816445
-12.08972642518828
-12.018829160936397
-12.028640869327033
-12.078354460633763
-12.147570916027425
-12.166095206867151
-12.16443425479848
-12.202789912250495
-12.17076201312799
-12.229054392996709
-12.196763849066741
-12.214796210576074
-12.222648248470314
-12.25042176598561
-12.167917548325754
-12.216238372842495
-12.074075989114071
-11.983335229222929
-12.0135018769307
-12.023366858161394
-12.04313318957978
-12.062701857683983
-12.072074839107144
-12.111354090716071
-12.050240549808912
-12.079738144310824
-12.058940762867715
-12.08835135523904
-12.107467841686649
-12.056393163269783
-12.035829231637084
-12.055470939320713
-12.104916229927506
-12.08386706762823
-12.003028396951947
-12.002998112982427
-12.022968131852602
-11.952738450534078
-12.003211066028737
-12.01317895536845
-11.993047165814763
-11.963116694156616
-11.91348552721505
-11.8743506719429
-11.83560716522347
-11.827251093571235
-11.778978582635522
-11.761188796809167
-11.773576908841076
-11.785841139752666
-11.777982728355138
-11.870202901071588
-11.851500872060871
-11.782985863340263
-11.75515600470686
-11.707604444659792
-11.680528400213193
-11.68372311621106
-11.67688588504895
-11.610117026198461
-11.584015855936476
-11.558175697377111
-11.53259394040334
-11.567268000999306
-11.601595320989313
-11.655579367779419
-11.699023574101625
-11.73203333836061
-11.734713004977003
-11.677365874927233
-11.72059221617796
-11.71338629401618
-11.72625243107602
-11.70898990676526
-11.771900007697607
-11.724181007620631
-11.706939197544424
-11.71986980556898
-11.73267110751329
-11.755344396438158
-11.717790952473777
-11.710613042949038
-11.783506912519547
-11.77567184339435
-11.747915124960407
-11.750435973710802
-11.742931613973694
-11.785502297833958
-11.737647274855618
-11.760270802107062
-11.82266809408599
-11.864441413145132
-11.875796999013682
-11.847039029023545
-11.848568638733308
-11.850082952345975
-11.881582122822515
-11.91276630159429
-11.923638638578348
-11.974402252192565
-11.944658229670639
-11.945211647373931
-11.93575953090019
-11.86640193559119
-11.837737916235278
-11.829360537072924
-11.781066931702195
-11.793256262385174
-11.755323699761323
-11.757770462763709
-11.760192758136071
-11.81259083055471
-11.824464922249163
-11.876220273026671
-11.837458070296405
-11.82908348959344
-11.780792654697507
-11.752984728150532
-11.755454880869026
-11.697900332060335
-11.640921328739733
-11.614512115452335
-11.628366994297812
-11.582083324354834
-11.576262491111285
-11.560499866200171
-11.624894867538169
-11.548645918862785
-11.613159459674158
-11.607027865077416
-11.580957586426642
-11.615148010562375
-11.628996530456753
-11.632706565152185
-11.626379499500663
-11.630115704505656
-11.5638145474606
-11.618176401985995
-11.661994637966135
-11.675374691586475
-11.68862094467061
-11.691734735223903
-11.744817387871665
-11.697369213992948
-11.72039552185302
-11.723191566634489
-11.755959650968144
-11.718400054458463
-11.691216053913879
-11.68430389337474
-11.637460854440992
-11.611086245896582
-11.624975383437617
-11.60872562960324
-11.63263837330721
-11.616311989574136
-11.660148869678395
-11.673547380981612
-11.646811907171795
-11.610343788100078
-11.684240350219076
-11.677397946716885
-11.670623967249716
-11.673917727577217
-11.657178550301445
-11.65060676479843
-11.614100697150446
-11.587959690178941
-11.482080093277151
-11.437259292344379
-11.452886699420937
-11.468357832426728
-11.41367425410246
-11.459537511561436
-11.524942136445821
-11.529692715081362
-11.514395787930548
-11.509251830051241
-11.44415931175073
-11.409717718633221
-11.445620541446889
-11.43116433603242
-11.446852692672097
-11.482384165745376
-11.517560324087922
-11.552384720847042
-11.516860873638572
-11.481692264902186
-11.486875342253164
-11.422006588830634
-11.437786522942329
-11.463408657712906
-11.448774571135775
-11.414286825424417
-11.370143957170173
-11.36644251759847
-11.372778092422484
-11.359050311498258
-11.375459808383276
-11.311705210299444
-11.298588158196448
-11.355602276614484
-11.362046253848337
-11.358425791309854
-11.374841533396756
-11.40109311806279
-11.337082186882162
-11.31371136501334
-11.320574251363206
-11.327368508849574
-11.344094823761079
-11.380653875523468
-11.376847336768233
-11.40307886340055
-11.479048074766544
-11.51425759401888
-11.47911501807869
-11.474323867897903
-11.379580629218923
-11.445784822926733
-11.411326974697465
-11.427213704950491
-11.392941567900985
-11.409012152221976
-11.454922030699757
-11.370372810392759
-11.32666908228883
-11.353402391465943
-11.339868367551283
-11.25646968387577
-11.243904987037011
-11.261465937166642
-11.218851277794975
-11.206662765017025
-11.174596137366855
-11.192850175993188
-11.160921674233256
-11.199312457490924
-11.267319332916015
-11.344646139586855
-11.301199678190986
-11.318187681409077
-11.315005804594986
-11.271855746549036
-11.279137189083546
-11.21634581719271
-11.134182359020782
-11.182840535430575
-11.20101213007627
-11.189002008775507
-11.107111988687752
-11.106040868800873
-11.144980460112865
-11.113530655511736
-11.092395348956618
-11.101471395467051
-11.130456681512381
-11.069152114697259
-11.038460593550287
-11.048075987614784
-11.067595227738636
-11.12691927546125
-11.165650082706637
-11.12399358187957
-11.122753646060774
-11.001526109600167
-11.031510848504166
-11.061195740019125
-11.030583782618933
-10.950277944792743
-11.010775165344816
-11.050667413691368
-11.070160739554455
-11.009459132158911
-10.989364540837322
-11.049470895428948
-11.108976186474658
-11.10788642460991
-11.10680756036381
-11.095739484760172
-11.094782089912568
-11.053834269013443
-11.07329592632331
-11.042562967060077
-10.972137337389475
-11.012415964015581
-11.032291804375426
-11.04196888633167
-11.001549197468353
-11.011533705493669
-10.931418368438731
-10.922104184754343
-10.8728831429068
-10.87415431147773
-10.855412768362951
-10.926858640679322
-10.917590054272528
-10.888414153729803
-10.889530012192504
-10.910634712070578
-10.911528364949872
-10.992413081300372
-11.012488950487368
-11.022364060982493
-11.082140420372669
-11.151319016168943
-11.139805826007253
-11.14840776774718
-11.126923690069708
-11.085654453169012
-11.104797908637321
-11.103749929550947
-11.062712430255438
-11.072085305952882
-11.021364452893353
-11.08115080836442
-11.140339300280775
-11.168935907277968
-11.157246548205187
-11.215674082723135
-11.223517341895903
-11.241282168476944
-11.268869346792176
-11.256180653324254
-11.25361884679101
-11.2510826583231
-11.228571831739869
-11.19628611342247
-11.224323252288245
-11.242080019765364
-11.21965921956771
-11.197462627372033
-11.225488001098313
-11.30323312108733
-11.310200789876456
-11.367098781977692
-11.363427794157914
-11.379793516216337
-11.235995581054175
-11.233635625243632
-11.311299268991196
-11.288186276301284
-11.255304413538271
-11.252751369402887
-11.250223855708857
-11.257721617151768
-11.23514440098025
-11.192792956970447
-11.250865027400742
-11.218356377126735
-11.256172813355468
-11.293611085221913
-11.250674974369694
-11.278168224625999
-11.285386542379738
-11.26253267695594
-11.20990735018638
-11.237808276684516
-11.21543019391767
-11.143275891978494
-11.18184313305871
-11.100024701728122
-11.07902445471084
-11.098234210163733
-11.097251868062095
-11.086279349381474
-10.995416555887658
-10.99546239032878
-10.925507766425492
-10.946252688761238
-10.926790161873624
-10.957522260254889
-10.94794703765234
-10.988467567275816
-11.028582891603058
-11.008297062687028
-10.918214092060158
-10.919031951139555
-10.90984163162816
-10.920743215311877
-10.94153578315876
-10.902120425327173
-10.8930992210739
-10.914168228863161
-10.905026546574529
-10.925976281108785
-10.986716518297696
-11.046849353114718
-11.08638085958357
-11.115517050987735
-11.094361880477857
-11.093418261673078
-11.092484079056346
-11.011559238265782
-11.001443645883125
-11.041429209424294
-11.081014917330052
-11.050204768156751
-11.089702720475184
-11.088805693270432
-11.097917636337726
-11.026938459974348
-11.026669075374604
-11.026402384620857
-10.946138360774647
-10.916676977166901
-10.877510207395233
-10.77873510532128
-10.760947754268066
-10.773338276725385
-10.805604893958131
-10.76754884501855
-10.809873356568366
-10.751774623002683
-10.704256876772657
-10.727214308004932
-10.719942164924882
-10.722742743275633
-10.725515315842877
-10.728260162684448
-10.730977561057603
-10.773667785447028
-10.805931107592558
-10.737871796516632
-10.710493078551465
-10.653388147765952
-10.636854266288292
-10.59048572362541
-10.584580866389155
-10.508735057725263
-10.46364770714801
-10.43901123007653
-10.404621117775765
-10.280574906598007
-10.277769157532026
-10.214991465956704
-10.132841551297137
-10.201513135784165
-10.189498004426323
-10.237603024382059
-10.155226994138237
-9.993674724196854
-10.033737976954885
-10.013400597185337
-10.013266591213483
-9.993133925301349
-10.003202586048335
-10.063170560187851
-10.142538854585972
-10.091113466040113
-10.070202331379711
-10.089500308065913
-10.058605304985255
-10.028019251935403
-9.987739059416048
-9.967861668821888
-9.938183052133668
-9.998801221612332
-9.998813209396209
-10.048825077302247
-9.998336826529226
-9.988353458263934
-9.978469923681294
-9.98868522444448
-10.028798372200034
-9.988510388478035
-10.018625284593256
-9.998439031747322
-9.96845464142985
-9.96877009501555
-9.919082394065395
-9.959891570124741
-9.940292654423494
-9.91088972787926
-9.891780830600467
-9.922863022294463
-9.95363439207152
-9.944098048150805
-9.914657067669296
-9.965510496992604
-9.975855392022677
-10.01609683810245
-10.035935869721426
-10.005576511024211
-10.015520745913967
-9.985365538454827
-10.03551188307028
-9.985156764239578
-9.905305196597181
-9.95625214463121
-10.006689623184897
-9.986622726953048
-9.996756499683517
-9.986788934686682
-9.956921045339817
-10.01735183488642
-10.057178316537556
-10.09660653337218
-10.125640468038458
-10.124384063358074
-10.123140222724492
-10.161908820497247
-10.190289732292275
-10.188386834969352
-10.21650296661966
-10.274337936953463
-10.351594557583928
-10.418078612008088
-10.423897825888007
-10.459658847629127
-10.425062259152837
-10.480811636561308
-10.536003520195695
-10.510643484993738
-10.535537050143802
-10.570181679642364
-10.494479862845939
-10.53953506421748
-10.534139713575305
-10.508798316439552
-10.463710333275158
-10.389073229942404
-10.39518249764298
-10.381230672666549
-10.367418365939884
-10.363744182280485
-10.35010674045768
-10.356605673053101
-10.323039616322571
-10.309809220159345
-10.346711127957752
-10.363244016678173
-10.36961157651139
-10.325915460746277
-10.352656306138815
-10.339129743077427
-10.355738445646653
-10.362181061190185
-10.408559250578284
-10.4144736580725
-10.490328921491775
-10.555425632276858
-10.51987137595409
-10.514672662194547
-10.4395259355726
-10.365130676216873
-10.351479369454704
-10.317964575760158
-10.234784930002556
-10.24243708070253
-10.290012709895505
-10.24711258279655
-10.304641456968584
-10.331595042398899
-10.33827909197491
-10.41489630105516
-10.420747338044608
-10.416539864664161
-10.41237446601752
-10.478250721357345
-10.46346821414377
-10.498833532002333
-10.46384519668231
-10.429206744715488
-10.474914677268334
-10.420165530495652
-10.395963875190695
-10.44200423643879
-10.3475841940744
-10.354108352133656
-10.350567268612318
-10.357061595926194
-10.363490979966931
-10.349856070167261
-10.346357509465589
-10.352893934370933
-10.289364995027222
-10.31647134507695
-10.33330663162618
-10.309973565309917
-10.186873829656818
-10.125005091360249
-10.173755040446647
-10.17201749004218
-10.100297315141757
-9.90929434199034
-9.880201398570437
-9.911399384584733
-9.952285390738886
-9.982762536831498
-10.012934911463184
-10.012805562348552
-10.022677506725065
-10.002450731657815
-9.972426224341238
-9.962701962097825
-10.013074942476846
-10.052944193052078
-9.972414751121557
-10.012690603610341
-9.982563697574237
-10.052738060598495
-10.072210679992509
-10.101488573192585
-10.100473687460658
-10.10946895058605
-10.06837426108019
-9.95769051846939
-10.008113613284696
-10.008032477151849
-9.93795215238033
-9.928572630856527
-9.919286904547961
-9.780094035502483
-9.812293095147458
-9.784170164195984
-9.816328462554026
-9.908165177928485
-9.8190835261492
-9.770892690887708
-9.73318376397883
-9.765851926339042
-9.758193407075652
-9.770611473004895
-9.742905358274847
-9.755476304692097
-9.787921541645177
-9.770042326228726
-9.702341902966438
-9.715318483936773
-9.598165299097406
-9.612183646106432
-9.556061809645367
-9.620501191548914
-9.654296179633427
-9.647753217837092
-9.59127568565872
-9.645362928802134
-9.588909299514112
-9.59302020651897
-9.57709000445378
-9.581319104409241
-9.575505913365149
-9.579750854231497
-9.563953345689182
-9.57831381223229
-9.562530674109967
-9.586905367368866
-9.671036313695177
-9.664325950558226
-9.627682691052645
-9.631405864142117
-9.615091805500695
-9.568940887445688
-9.593251478571231
-9.437318963785518
-9.312945774147664
-9.339816316406187
-9.386418153242126
-9.392553971709704
-9.348628431992609
-9.345142147672682
-9.421690726195955
-9.477473818933996
-9.472699080744656
-9.35797208993721
-9.414392369037838
-9.33024844534746
-9.266945960893985
-9.264276501285044
-9.271633736272193
-9.308917398909472
-9.275828224920378
-9.283069942671174
-9.300239243244462
-9.327236850812017
-9.223964482303897
-9.211724837480858
-9.26960758910605
-9.266911513214989
-9.16424239808284
-9.17259997410201
-9.170873974360989
-9.14916523461738
-9.217673582271207
-9.215496846448495
-9.24334187798401
-9.240908459204169
-9.178499374612127
-9.176714380866006
-9.234947237057346
-9.262597764686772
-9.279971787039903
-9.317172069169505
-9.33400034847781
-9.28066034499303
-9.317853741543102
-9.284675204127671
-9.321828452086395
-9.358610167565532
-9.345024065889877
-9.341573825230977
-9.418158086978668
-9.383976506108882
-9.270136741047793
-9.347435373637314
-9.34396101990094
-9.40052140970193
-9.436516195604911
-9.412151033648863
-9.378029523312374
-9.424249228079251
-9.440006735798457
-9.435606668440473
-9.441250601756067
-9.516838095738507
-9.53166971478112
-9.546353017633308
-9.470889487456974
-9.526180592582405
-9.49091878665658
-9.476009598790014
-9.491249502802114
-9.506337007774093
-9.491273637696352
-9.536360901319389
-9.560997292306194
-9.58538731938313
-9.6195334461893
-9.603338111727407
-9.627304730610131
-9.631031683304029
-9.634721366470988
-9.618374152806277
-9.562190411278214
-9.596568507165433
-9.530602822093778
-9.565296793872841
-9.599643825934114
-9.553647387674774
-9.578110913798024
-9.552329804660044
-9.576806506613442
-9.461038441547307
-9.416428057131835
-9.402263776560517
-9.268241138794913
-9.265558727406964
-9.282903140132893
-9.210074108731563
-9.227973367644246
-9.285693633967805
-9.292836697628125
-9.329908330651845
-9.346609247345325
-9.273143154871871
-9.320411723323152
-9.33720760608992
-9.373835530029023
-9.330097174728733
-9.316796202981445
-9.30362824095163
-9.290591958542114
-9.287686038956693
-9.254809178567127
-9.272261086781455
-9.24953847591364
-9.297043091154505
-9.314072660242958
-9.36093193364053
-9.357322614304124
-9.433749388161083
-9.459411894279471
-9.474817775336676
-9.45006959758331
-9.445568901607476
-9.461113212591401
-9.516502080465488
-9.511337059660832
-9.586223689064223
-9.60036145217358
-9.634357837651844
-9.598014259275326
-9.642034116682574
-9.615613775515747
-9.58945763776059
-9.643563061382984
-9.597127430769156
-9.591156156461464
-9.605244594896849
-9.61919214894788
-9.653000227458401
-9.636470225183817
-9.640105522931979
-9.613704467702659
-9.627567423025631
-9.581291748795376
-9.595478831307421
-9.599524042994346
-9.553528802564404
-9.52799351453876
-9.552713579393371
-9.517186443599439
-9.532014579163443
-9.57669443337181
-9.540927489038092
-9.55551821414771
-9.599963032006233
-9.60396340168617
-9.67792376766931
-9.651144529992616
-9.60463308469269
-9.628586753845763
-9.662300886307307
-9.595677877444233
-9.599721098669791
-9.593723887683094
-9.577786648806264
-9.6320087823182
-9.595688694495019
-9.589731807550068
-9.593834489474567
-9.58789614457982
-9.642017183134023
-9.525597011302683
-9.460341041189656
-9.41573763077776
-9.351580254469983
-9.338064451925284
-9.34468380740603
-9.30123696933197
-9.31822459963865
-9.285042353642265
-9.182191930105843
-9.160370010804785
-9.118766310696738
-9.04757864758977
-9.067102861113872
-8.986431832502733
-8.986567514177706
-8.95670183903593
-8.93713482064557
-8.907763472439115
-8.978685837714723
-8.948898979337576
-8.9594099895442
-8.94981588964876
-9.010317730752272
-9.040214553444748
-9.0698124079103
-9.119114283831198
-9.167923140992887
-9.106243909582957
-9.125181470487128
-9.183929655782256
-9.222090359224435
-9.24986945563219
-9.267370761075867
-9.264697053465108
-9.282050082930455
-9.29922958210115
-9.19623728628014
-9.144274913417338
-9.162832164283163
-9.141203842640332
-9.169791804213927
-9.148093886171788
-9.16661294731007
-9.20494681783697
-9.0928973496586
-9.111968376162013
-9.120848692400392
-9.039640205476388
-9.059243803421623
-9.018651365387408
-9.058464851733534
-9.007880203216198
-9.037801401184035
-9.047423387172195
-9.086949153300473
-9.07607966176747
-9.025318865149794
-8.955065676498295
-9.015515019733312
-8.99535986953598
-9.06540627084062
-9.094752208132213
-9.133804686050892
-9.112466639190384
-9.11134197279848
-9.110228553070494
-9.14912626753979
-9.197635004864393
-9.16565865481575
-9.214002068267593
-9.151862047584917
-9.180343427109067
-9.258539992837976
-9.335954592909596
-9.3525950469805
-9.409069096510695
-9.394978405545588
-9.351028621490133
-9.367518335275232
-9.283843151922479
-9.281004720403255
-9.138194673199221
-9.10681272646723
-9.115744599202557
-9.13458715321053
-9.063241281678424
-9.02260886886164
-8.992382780173024
-9.092458952371294
-9.11153436284758
-9.050419019219104
-9.109914829026913
-9.088815680736644
-9.087927523929277
-9.087048248689984
-9.126177766203085
-9.164915988541056
-9.183266828655645
-9.101434160369088
-9.100419818765397
-9.039415620577742
-8.929021464371965
-8.969731249728246
-8.920033937230963
-8.940833597858653
-8.961425261880066
-8.981811009261264
-9.01199289916865
-8.811872970176964
-8.633754240475195
-8.617416698070443
-8.621242531089738
-8.665030105778841
-8.638379804721053
-8.631996006673843
-8.575676046607104
-8.539919286141034
-8.504520093279623
-8.509474892346827
-8.534380143423357
-8.539036341989123
-8.583645978569232
-8.62780951878354
-8.661531423595703
-8.654916109359746
-8.69836694826615
-8.691383278783489
-8.734469445995655
-8.6971247515357
-8.590153504020343
-8.584251968980139
-8.538409449290336
-8.563025354797432
-8.567395101249458
-8.651721150236963
-8.645203938734593
-8.678751899347246
-8.681964380353772
-8.745144736550234
-8.727693289184732
-8.670416356292884
-8.693712192729954
-8.666775070802656
-8.52010732009463
-8.504906246893682
-8.509857184424746
-8.4747586125805
-8.480011026454694
-8.465210916190147
-8.490558807028245
-8.525653218957961
-8.550396686768382
-8.584892719900697
-8.609043792701689
-8.62295335477467
-8.596723821226924
-8.580756583014654
-8.594949017184508
-8.608999527012662
-8.572909531742535
-8.59718043642511
-8.521208632060858
-8.495996545740251
-8.521036580282848
-8.41582621448002
-8.371667952335219
-8.237951272811866
-8.195571760083746
-8.233616042482907
-8.28127988205808
-8.3284670832375
-8.355182412405124
-8.301630588281073
-8.298614282398262
-8.36562813957428
