-20.0
-20.0
-20.01
-20.019900000000003
-20.019701
-20.029503990000002
-20.019208950100005
-20.019016860599002
-20.028826691993014
-20.018538425073086
-20.028353040822356
-20.038069510414132
-20.03768881530999
-20.02731192715689
-20.027038807885322
-20.03676841980647
-20.046400735608408
-20.04593672825232
-20.0554773609698
-20.0549225873601
-20.0643733614865
-20.073729627871636
-20.072992331592918
-20.072262408276988
-20.08153978419422
-20.080724386352276
-20.059917142488754
-20.069317971063867
-20.068624791353226
-20.067938543439695
-20.077259158005297
-20.086486566425243
-20.07562170076099
-20.064865483753383
-20.04421682891585
-20.043774660626692
-20.053336914020427
-20.042803544880226
-20.042375509431423
-20.05195175433711
-20.05143223679374
-20.060917914425804
-20.070308735281547
-20.07960564792873
-20.068809591449444
-20.06812149553495
-20.0774402805796
-20.086665877773807
-20.09579921899607
-20.084841226806113
-20.09399281453805
-20.09305288639267
-20.102122357528742
-20.111101133953454
-20.11999012261392
-20.12879022138778
-20.087502319173904
-20.096627295982167
-20.105661023022346
-20.114604412792122
-20.123458368664203
-20.132223784977562
-20.140901547127786
-20.14949253165651
-20.147997606339942
-20.14651763027654
-20.135052453973778
-20.14370192943404
-20.1422649101397
-20.140842261038305
-20.14943383842792
-20.137939500043643
-20.146560105043207
-20.145094503992773
-20.153643558952847
-20.16210712336332
-20.15048605212969
-20.158981191608394
-20.16739137969231
-20.165717465895387
-20.16406029123643
-20.17241968832407
-20.18069549144083
-20.16888853652642
-20.167199651161155
-20.175527654649546
-20.18377237810305
-20.171934654322023
-20.180215307778802
-20.188413154701013
-20.186529023154
-20.18466373292246
-20.182817095593233
-20.190988924637303
-20.19907903539093
-20.19708824503702
-20.20511736258665
-20.20306618896078
-20.21103552707117
-20.21892517180046
-20.226735920082458
-20.204468560881633
-20.21242387527282
-20.21029963652009
-20.20819664015489
-20.21611467375334
-20.223953527015805
-20.231713991745647
-20.21939685182819
-20.217202883309906
-20.215030854476804
-20.222880545932036
-20.230651740472716
-20.208345223067987
-20.216261770837306
-20.224099153128932
-20.231858161597643
-20.239539579981667
-20.23714418418185
-20.244772742340032
-20.252325014916632
-20.239801764767467
-20.247403747119794
-20.254929709648597
-20.262380412552112
-20.26975660842659
-20.277059042342326
-20.274288451918903
-20.261545567399715
-20.258930111725718
-20.246340810608462
-20.25387740250238
-20.261338628477358
-20.268725242192584
-20.25603798977066
-20.253477609872952
-20.260942833774223
-20.268333405436483
-20.275650071382117
-20.272893570668295
-20.25016463496161
-20.257662988611994
-20.265086358725874
-20.272435495138616
-20.26971114018723
-20.27701402878536
-20.274243888497505
-20.28150144961253
-20.288686435116407
-20.295799570765244
-20.30284157505759
-20.309813159307016
-20.306715027713945
-20.313647877436807
-20.310511398662438
-20.317406284675815
-20.294232221829056
-20.301289899610765
-20.30827700061466
-20.315194230608512
-20.322042288302427
-20.328821865419403
-20.32553364676521
-20.332278310297557
-20.33895552719458
-20.345565971922635
-20.35211031220341
-20.358589209081376
-20.365003316990563
-20.371353283820657
-20.37763975098245
-20.373863353472625
-20.3801247199379
-20.38632347273852
-20.382460238011134
-20.37863563563102
-20.36484927927471
-20.371200786481964
-20.377488778617145
-20.383713890830975
-20.379876751922666
-20.38607798440344
-20.382217204559403
-20.38839503251381
-20.39451108218867
-20.390565971366783
-20.396660311653115
-20.402693708536585
-20.40866677145122
-20.414580103736707
-20.42043430269934
-20.426229959672348
-20.431967660075625
-20.437647983474868
-20.44327150364012
-20.44883878860372
-20.454350400717683
-20.449806896710506
-20.4453088277434
-20.43085573946597
-20.426547182071307
-20.412281710250596
-20.418158893148092
-20.423977304216614
-20.42973753117445
-20.425440155862706
-20.41118575430408
-20.41707389676104
-20.422903157793428
-20.428674126215494
-20.43438738495334
-20.440043511103806
-20.44564307599277
-20.43118664523284
-20.426874778780512
-20.41260603099271
-20.398479970682782
-20.374495170975955
-20.360750219266198
-20.357142717073536
-20.3635712899028
-20.369935577003773
-20.366236221233734
-20.352573859021398
-20.339048120431183
-20.33565763922687
-20.3223010628346
-20.279078052206255
-20.286287271684195
-20.253424398967354
-20.23089015497768
-20.238581253427903
-20.246195440893626
-20.25373348648469
-20.251196151619844
-20.248684190103646
-20.246197348202607
-20.24373537472058
-20.22129802097337
-20.22908504076364
-20.226794190356003
-20.234526248452443
-20.22218098596792
-20.229959176108242
-20.21765958434716
-20.20548298850369
-20.213428158618655
-20.211293877032467
-20.219180938262145
-20.226989128879524
-20.234719237590728
-20.222372045214822
-20.200148324762672
-20.198146841515044
-20.19616537309989
-20.20420371936889
-20.202161682175202
-20.200140065353448
-20.208138664699913
-20.216057278052915
-20.223896705272388
-20.231657738219663
-20.229341160837468
-20.227047749229094
-20.2247772717368
-20.232529499019435
-20.23020420402924
-20.227902161988943
-20.215623140369054
-20.203466908965364
-20.211432239875712
-20.209317917476955
-20.217224738302185
-20.225052490919165
-20.22280196600997
-20.21057394634987
-20.188468206886373
-20.19658352481751
-20.174617689569335
-20.162871512673643
-20.131242797546907
-20.11993036957144
-20.088731065875727
-20.09784375521697
-20.106865317664802
-20.115796664488155
-20.104638697843274
-20.113592310864842
-20.102456387756195
-20.111431823878632
-20.110317505639845
-20.089214330583445
-20.09832218727761
-20.097338965404834
-20.076365575750785
-20.085601919993277
-20.094745900793345
-20.09379844178541
-20.092860457367554
-20.08193185279388
-20.071112534265943
-20.07040140892328
-20.069697394834048
-20.07900042088571
-20.068210416676852
-20.037528312510084
-20.047153029384983
-20.016681499091135
-20.006514684100225
-20.016449537259223
-20.00628504188663
-20.016222191467765
-20.02605996955309
-20.015799369857557
-19.995641376158982
-19.99568496239739
-19.98572811277342
-19.985870831645684
-19.996012123329226
-20.006052002095934
-20.005991482074975
-20.005931567254226
-19.975872251581684
-19.956113529065867
-19.95655239377521
-19.946986869837456
-19.95751700113908
-19.947941831127693
-19.958462412816417
-19.928877788688254
-19.929589010801372
-19.92029312069336
-19.921090189486424
-19.93187928759156
-19.942560494715647
-19.94313488976849
-19.933703540870805
-19.9243665054621
-19.93512284040748
-19.945771612003405
-19.956313895883373
-19.96675075692454
-19.977083249355296
-19.987312416861744
-19.997439292693127
-19.987464899766195
-19.977590250768536
-19.98781434826085
-19.987936204778244
-19.98805684273046
-19.988176274303157
-19.938294511560123
-19.93891156644452
-19.929522450780077
-19.920227226272278
-19.901024954009554
-19.91201470446946
-19.902894557424766
-19.913865611850518
-19.924726955732012
-19.91547968617469
-19.926324889312944
-19.907061640419816
-19.897991024015617
-19.909011113775463
-19.90992100263771
-19.91082179261133
-19.901713574685218
-19.902696438938364
-19.90366947454898
-19.91463277980349
-19.885486452005456
-19.876631587485402
-19.87786527161055
-19.889086618894446
-19.880195752705504
-19.881393795178447
-19.892579857226664
-19.8936540586544
-19.904717518067855
-19.91567034288718
-19.926513639458307
-19.927248503063723
-19.917976018033087
-19.928796257852756
-19.91950829527423
-19.92031321232149
-19.911110080198274
-19.921998979396292
-19.91277898960233
-19.883651199706307
-19.874814687709247
-19.856066540832153
-19.86750587542383
-19.868830816669593
-19.870142508502898
-19.871441083417867
-19.86272667258369
-19.844099405857854
-19.845658411799274
-19.847201827681282
-19.83872980940447
-19.830342511310427
-19.822039086197325
-19.833818695335353
-19.805480508382
-19.76742570329818
-19.769751446265197
-19.762053931802544
-19.764433392484516
-19.76678905855967
-19.739121167974076
-19.741729956294336
-19.724312656731392
-19.727069530164076
-19.739798834862437
-19.732400846513816
-19.74507683804868
-19.75762606966819
-19.75004980897151
-19.752549310881793
-19.765023817772978
-19.77737357959525
-19.7695998437993
-19.771903845361305
-19.77418480690769
-19.77644295883861
-19.768678529250227
-19.760991743957725
-19.763381826518145
-19.775748008252965
-19.777990528170434
-19.780210622888728
-19.78240851665984
-19.78458443149324
-19.796738587178307
-19.778771201306522
-19.770983489293457
-19.783273654400524
-19.77544091785652
-19.767686508677958
-19.770009643591177
-19.762309547155265
-19.774686451683714
-19.786939587166877
-19.799070191295208
-19.811079489382255
-19.792968694488433
-19.80503900754355
-19.816988617468112
-19.82881873129343
-19.8205305439805
-19.822325238540692
-19.814101986155286
-19.785960966293736
-19.768101356630797
-19.740420343064493
-19.72301613963385
-19.70578597823751
-19.718728118455136
-19.711540837270586
-19.68442542889788
-19.697581174608903
-19.690605362862815
-19.693699309234187
-19.686762316141845
-19.689894692980424
-19.70299574605062
-19.695965788590115
-19.689006130704215
-19.692116069397173
-19.6951949087032
-19.708242959616168
-19.701160530020008
-19.684148924719807
-19.69730743547261
-19.690334361117884
-19.683431017506706
-19.66659670733164
-19.659930740258325
-19.663331432855742
-19.646698118527183
-19.660231137341913
-19.633628825968497
-19.63729253770881
-19.610919612331724
-19.614810416208407
-19.61866231204632
-19.632475688925858
-19.6361509320366
-19.649789422716236
-19.63329152848907
-19.61695861320418
-19.630789027072137
-19.644481136801417
-19.638036325433404
-19.62165596217907
-19.61543940255728
-19.599285008531705
-19.613292158446388
-19.617159236861923
-19.620987644493304
-19.594777768048374
-19.56882999036789
-19.583141690464213
-19.59731027355957
-19.611337170823976
-19.605223799115738
-19.61917156112458
-19.612979845513337
-19.626850047058205
-19.620581546587623
-19.634375731121747
-19.64803197381053
-19.651551654072424
-19.6550361375317
-19.638485776156383
-19.65210091839482
-19.665579909210873
-19.678924110118764
-19.652134869017576
-19.6356135203274
-19.649257385124127
-19.652764811272885
-19.636237163160157
-19.619874791528556
-19.59367604361327
-19.56773928317714
-19.56206189034537
-19.556441271441916
-19.560876858727497
-19.555268090140224
-19.54971540923882
-19.53421825514643
-19.538876072594967
-19.533487311869017
-19.50815243875033
-19.493070914362825
-19.4881402052192
-19.503258803167007
-19.508226215135338
-19.493143952983985
-19.488212513454148
-19.473330388319606
-19.46859708443641
-19.473911113592045
-19.489172002456126
-19.494280282431564
-19.49933747960725
-19.484344104811175
-19.499500663763065
-19.494505657125437
-19.499560600554183
-19.494564994548643
-19.469619344603156
-19.464923151157127
-19.440273919645556
-19.4358711804491
-19.44151246864461
-19.457097343958164
-19.432526370518584
-19.3982011068134
-19.394219095745267
-19.380276904787813
-19.396474135739936
-19.402509394382538
-19.398484300438714
-19.39449945743433
-19.410554462859984
-19.386448918231387
-19.382584429049075
-19.388758584758584
-19.384870998910998
-19.38102228892189
-19.357212066032673
-19.323639945372346
-19.320403545918623
-19.31719951045944
-19.324027515354842
-19.300787240201295
-19.28777936779928
-19.254901574121288
-19.222352558380074
-19.220129032796272
-19.23792774246831
-19.21554846504363
-19.213392980393195
-19.211259050589263
-19.22914646008337
-19.236854995482535
-19.22448644552771
-19.212241581072433
-19.23011916526171
-19.24781797360909
-19.255339793873
-19.23278639593427
-19.240458531974927
-19.238053946655178
-19.245673407188626
-19.23321667311674
-19.220884506385573
-19.238675661321718
-19.236288904708502
-19.233926015661417
-19.181586755504803
-19.149770887949757
-19.16827317907026
-19.186590447279556
-19.17472454280676
-19.162977297378692
-19.171347524404904
-19.169634049160855
-19.177937708669244
-19.176158331582553
-19.174396748266727
-19.182652780784057
-19.200826252976217
-19.198817990446457
-19.146829810541995
-19.145361512436576
-19.16390789731221
-19.16226881833909
-19.1606461301557
-19.139039668854146
-19.097649272165604
-19.09667277944395
-19.09570605164951
-19.114748991133016
-19.103601501221686
-19.06256548620947
-19.061939831347374
-19.081320433033902
-19.050507228703562
-19.060002156416527
-19.02940213485236
-19.049108113503838
-19.058617032368797
-19.03803086204511
-19.017650553424662
-19.017474047890417
-18.98729930741151
-18.947426314337395
-18.947952051194022
-18.948472530682082
-18.968987805375264
-18.95929792732151
-18.979704948048298
-18.979907898567816
-18.990108819582137
-19.000207731386315
-18.980205654072453
-19.00040359753173
-19.01039956155641
-19.010295565940847
-18.98019261028144
-18.960390684178627
-18.960786777336843
-18.941178909563476
-18.93176712046784
-18.93244944926316
-18.91312495477053
-18.913993705222826
-18.924853768170596
-18.90560523048889
-18.876549178184003
-18.867783686402163
-18.859105849538143
-18.840514791042764
-18.852109643132337
-18.873588546701015
-18.874852661234005
-18.856104134621667
-18.84754309327545
-18.859067662342696
-18.870476985719268
-18.811772215862074
-18.833654493703456
-18.825317948766422
-18.837064769278758
-18.83869412158597
-18.81030718037011
-18.822204108566407
-18.813982067480744
-18.775842246805936
-18.778083824337877
-18.780302986094497
-18.782499956233554
-18.80467495667122
-18.78662820710451
-18.788761925033466
-18.80087430578313
-18.792865562725297
-18.734936907098042
-18.737587538027064
-18.75021166264679
-18.732709546020324
-18.72538245056012
-18.74812862605452
-18.730647339793975
-18.723340866396036
-18.706107457732077
-18.719046383154755
-18.721855919323207
-18.704637360129976
-18.687590986528676
-18.67071507666339
-18.664007925896758
-18.66736784663779
-18.680694168171414
-18.6938872264897
-18.696948354224805
-18.669978870682556
-18.68327908197573
-18.696446291155972
-18.699481828244412
-18.662487009961968
-18.615862139862347
-18.599703518463727
-18.58370648327909
-18.5578694184463
-18.552290724261834
-18.516767817019215
-18.48160013884902
-18.466784137460532
-18.432116296085926
-18.397795133125065
-18.363817181793813
-18.370179009975875
-18.346477219876117
-18.363012447677356
-18.369382323200583
-18.365688499968577
-18.362031614968892
-18.338411298819203
-18.33502718583101
-18.3316769139727
-18.328360144832974
-18.335076543384645
-18.3417257779508
-18.318308520171293
-18.325125434969582
-18.341874180619886
-18.358455438813685
-18.36487088442555
-18.331222175581292
-18.35790995382548
-18.344330854287225
-18.36088754574435
-18.327278670286905
-18.274005883584035
-18.231265824748196
-18.248953166500712
-18.256463634835708
-18.25389899848735
-18.26136000850248
-18.278746408417454
-18.245958944333278
-18.223499354889945
-18.211264361341048
-18.239151717727637
-18.23676020055036
-18.234392598544858
-18.26204867255941
-18.279428185833815
-18.276633903975476
-18.283867564935722
-18.291028889286366
-18.2581186003935
-18.255537414389565
-18.222982040245668
-18.20075221984321
-18.178744697644778
-18.15695725066833
-18.17538767816165
-18.183633801380033
-18.171797463366236
-18.19007948873257
-18.158178693845244
-18.146596906906794
-18.165130937837723
-18.143479628459346
-18.14204483217475
-18.150624383853003
-18.129118140014473
-18.13782695861433
-18.126448689028187
-18.115184202137907
-18.11403236011653
-18.112892036515362
-18.12176311615021
-18.11054548498871
-18.08944003013882
-18.058545629837433
-18.06796017353906
-18.09728057180367
-18.086307766085636
-18.07544468842478
-18.044690241540533
-18.024243339125128
-17.994000905733877
-17.98406089667654
-17.98422028770977
-17.994378084832675
-17.99443430398435
-18.014489960944505
-18.004345061335062
-18.034301610721712
-17.943958594614497
-17.934519008668353
-17.945173818581672
-17.915722080395852
-17.906564859591896
-17.907499210995976
-17.898424218886017
-17.889439976697158
-17.860545576930186
-17.871940121160886
-17.843220719949276
-17.854788512749785
-17.856240627622288
-17.837678221346064
-17.829301439132603
-17.851008424741277
-17.862498340493865
-17.843873357088928
-17.82543462351804
-17.81718027728286
-17.839008474510027
-17.85061838976493
-17.85211220586728
-17.823591083808605
-17.81535517297052
-17.807201621240818
-17.81912960502841
-17.82093830897813
-17.832728925888347
-17.864401636629463
-17.885757620263167
-17.866900044060536
-17.85823104361993
-17.779648733183734
-17.761852245851898
-17.734233723393377
-17.68689138615944
-17.67002247229785
-17.68332224757487
-17.65648902509912
-17.65992413484813
-17.66332489349965
-17.63669164456465
-17.560324728119003
-17.58472148083781
-17.55887426602943
-17.513285523369134
-17.548152668135444
-17.56267114145409
-17.52704443003955
-17.491773985739155
-17.486856245881764
-17.511987683422944
-17.496867806588714
-17.471899128522825
-17.467180137237598
-17.45250833586522
-17.47798325250657
-17.473203419981505
-17.46847138578169
-17.483786671923873
-17.45894880520463
-17.444359317152585
-17.459915723981062
-17.43531656674125
-17.38096340107384
-17.397153767063102
-17.413182229392472
-17.439050407098545
-17.45465990302756
-17.450113303997288
-17.435612170957317
-17.441256049247745
-17.416843488755266
-17.402675053867714
-17.388648303329038
-17.40476182029575
-17.38071420209279
-17.376907060071865
-17.363137989471145
-17.369506609576433
-17.32581154348067
-17.30255342804586
-17.299527893765404
-17.31653261482775
-17.29336728867947
-17.260433615792675
-17.247829279634747
-17.2453509868384
-17.24289747697002
-17.24046850220032
-17.228063817178317
-17.235783179006532
-17.203425347216466
-17.1813910937443
-17.179577182806856
-17.147781410978787
-17.126303596868997
-17.14504056090031
-17.163590155291306
-17.161954253738394
-17.16033471120101
-17.158731364089
-17.15714405044811
-17.135572609943626
-17.12421688384419
-17.12297471500575
-17.131744967855692
-17.150427518177136
-17.148923242995366
-17.13743401056541
-17.13605967045976
-17.11469907375516
-17.073552083017606
-17.052816562187427
-17.052288396565555
-17.0517655125999
-17.071247857473903
-17.050535378899163
-17.05003002511017
-17.01952972485907
-17.01933442761048
-17.03914108333438
-17.028749672501036
-17.008462175776025
-16.978377554018266
-16.998593778478085
-16.998607840693307
-17.038621762286375
-17.058235544663514
-17.027653189216878
-16.987376657324706
-17.00750289075146
-16.977427861843946
-16.997653583225507
-17.00767704739325
-17.02760027691932
-17.02732427415013
-17.037051031408627
-17.01668052109454
-17.056513715883593
-17.035948578724756
-17.015589092937507
-16.98543320200813
-16.985578869988053
-16.955723081288173
-16.93616585047529
-16.95680419197054
-16.977236150050835
-16.967463788550326
-16.897789150664824
-16.898811259158176
-16.879823146566594
-16.87102491510093
-16.81231466594992
-16.78419151929042
-16.756349604097515
-16.76878610805654
-16.791098246975974
-16.803187264506214
-16.78515539186115
-16.777303837942537
-16.79953079956311
-16.80153549156748
-16.813520136651807
-16.80538493528529
-16.787331085932436
-16.739457775073113
-16.732063197322383
-16.76474256534916
-16.76709513969567
-16.739424188298713
-16.712029946415726
-16.684909646951567
-16.62806055048205
-16.61177994497723
-16.575662145527456
-16.55990552407218
-16.544306468831458
-16.498863404143144
-16.493874770101712
-16.518936022400695
-16.503746662176685
-16.528709195554917
-16.55342210359937
-16.567887882563376
-16.53220900373774
-16.576886913700363
-16.59111804456336
-16.585206864117726
-16.60935479547655
-16.583261247521783
-16.597428635046565
-16.6114543486961
-16.555339805209137
-16.519786407157046
-16.514588543085477
-16.519442657654622
-16.514248231078074
-16.509105748767293
-16.49401469127962
-16.519074544366823
-16.52388379892316
-16.508644960933925
-16.513558511324586
-16.50842292621134
-16.48333869694923
-16.468505309979736
-16.503820256879937
-16.488782054311137
-16.483894233768027
-16.469055291430344
-16.50436473851604
-16.489321091130876
-16.464427880219567
-16.469783601417372
-16.4750857654032
-16.49033490774917
-16.46543155867168
-16.50077724308496
-16.47576947065411
-16.48101177594757
-16.486201658188097
-16.481339641606215
-16.406526245190154
-16.412460982738253
-16.40833637291087
-16.39425300918176
-16.420310479089945
-16.416107374299045
-16.411946300556053
-16.437826837550492
-16.43344856917499
-16.449114083483238
-16.494622942648405
-16.47967671322192
-16.4348799460897
-16.440531146628807
-16.46612583516252
-16.451464576810892
-16.446949931042784
-16.442480431732356
-16.418055627415033
-16.443875071140884
-16.439436320429476
-16.41504195722518
-16.42089153765293
-16.4066826222764
-16.432615796053636
-16.3182896380931
-16.365106741712168
-16.361455674295048
-16.3678411175521
-16.354162706376577
-16.34062107931281
-16.327214868519683
-16.303942719834485
-16.28090329263614
-16.25809425970978
-16.22551331711268
-16.233258183941555
-16.16092560210214
-16.159316346081116
-16.157723182620305
-16.1561459507941
-16.15458449128616
-16.153038646373297
-16.161508259909564
-16.13989317731047
-16.138494245537363
-16.107109303081987
-16.13603821005117
-16.114677827950658
-16.14353104967115
-16.152095739174438
-16.160574781782696
-16.16896903396487
-16.197279343625222
-16.16530655018897
-16.153653484687077
-16.142116949840204
-16.160695780341804
-16.159088822538386
-16.137497934313004
-16.156122954969874
-16.204561725420174
-16.19251610816597
-16.200590947084315
-16.218585037613472
-16.196399187237336
-16.234435195364963
-16.272090843411313
-16.2293699349772
-16.15707623562743
-16.085505473271155
-16.054650418538444
-16.02410391435306
-15.983862875209528
-16.024024246457433
-16.03378400399286
-15.99344616395293
-15.9735117023134
-15.983776585290267
-15.943938819437363
-15.94449943124299
-15.91505443693056
-15.905903892561255
-15.936844853635643
-15.947476405099286
-15.908001641048292
-15.89892162463781
-15.90993240839143
-15.940833084307515
-15.921424753464441
-15.912210505929798
-15.9330884008705
-15.923757516861794
-15.934519941693177
-15.955174742276245
-15.985622994853482
-15.935766764904947
-15.9164090972559
-15.90724500628334
-15.878172556220507
-15.899390830658302
-15.930396922351719
-15.941092953128202
-15.91168202359692
-15.902565203360952
-15.913539551327343
-15.87440415581407
-15.895660114255929
-15.916703513113369
-15.937536477982235
-15.888161113202411
-15.909279502070387
-15.940186707049682
-15.960784839979185
-15.991176991579392
-15.981265221663598
-15.981452569446962
-15.991638043752491
-16.021721663314967
-15.951504446681817
-15.951989402214998
-15.912469508192848
-15.90334481311092
-15.864311364979809
-15.915668251330011
-15.886511568816712
-15.917646453128544
-15.90846998859726
-15.909385288711286
-15.870291435824173
-15.83158852146593
-15.833272636251271
-15.844939909888758
-15.78649051078987
-15.768625605681972
-15.760939349625152
-15.763329956128901
-15.755696656567613
-15.728139690001937
-15.710858293101918
-15.683749710170899
-15.68691221306919
-15.680043090938499
-15.663242660029114
-15.666610233428823
-15.659944131094536
-15.66334468978359
-15.656711242885756
-15.660144130456898
-15.683542689152327
-15.676707262260804
-15.669940189638195
-15.713240787741812
-15.746108379864394
-15.75864729606575
-15.751060823105092
-15.76355021487404
-15.7559147127253
-15.748355565598047
-15.730872009942066
-15.733563289842646
-15.696227656944219
-15.689265380374776
-15.722372726571027
-15.725148999305317
-15.777897509312265
-15.780118534219142
-15.802317348876949
-15.744294175388179
-15.716851233634298
-15.649682721297955
-15.623185894084976
-15.606954035144128
-15.600884494792686
-15.60487564984476
-15.63882689334631
-15.622438624412847
-15.63621423816872
-15.639852095787033
-15.593453574829162
-15.61751903908087
-15.601343848690062
-15.575330410203161
-15.57957710610113
-15.583781335040118
-15.617943521689716
-15.651764086472818
-15.67524644560809
-15.688493981152009
-15.681609041340488
-15.714792950927082
-15.66764502141781
-15.690968571203632
-15.684058885491595
-15.617218296636679
-15.621046113670312
-15.634835652533608
-15.638487296008272
-15.62210242304819
-15.635881398817707
-15.61952258482953
-15.593327358981236
-15.597394085391423
-15.521420144537508
-15.516205943092134
-15.531043883661212
-15.505733444824601
-15.520676110376355
-15.555469349272592
-15.589914655779864
-15.594015509222066
-15.588075354129845
-15.582194600588547
-15.586372654582663
-15.590508928036837
-15.544603838756467
-15.559157800368903
-15.593566222365213
-15.567630560141563
-15.601954254540146
-15.595934711994746
-15.569975364874798
-15.534275611226048
-15.50893285511379
-15.52384352656265
-15.508605091297024
-15.453519040384053
-15.458983849980212
-15.48439401148041
-15.519550071365606
-15.51435457065195
-15.44921102494543
-15.444718914695976
-15.390271725549015
-15.396369008293524
-15.392405318210589
-15.368481265028484
-15.364796452378199
-15.381148487854416
-15.417337002975872
-15.413163632946114
-15.409031996616653
-15.404941676650486
-15.430892259883981
-15.44658333728514
-15.43211750391229
-15.467796328873167
-15.463118365584435
-15.448487181928591
-15.464002310109306
-15.469362287008213
-15.48466866413813
-15.47982197749675
-15.495023757721782
-15.450073520144564
-15.445572784943119
-15.431117057093688
-15.366805886522751
-15.333137827657524
-15.289806449380947
-15.276908384887138
-15.244139301038265
-15.261697908027882
-15.209080928947603
-15.206990119658128
-15.234920218461546
-15.252571016276931
-15.29004530611416
-15.337144853053019
-15.31377340452249
-15.300635670477265
-15.277629313772493
-15.25485302063477
-15.242304490428422
-15.259881445524138
-15.287282631068896
-15.264409804758207
-15.231765706710624
-15.249448049643517
-15.196953569147082
-15.194984033455611
-15.173034193121056
-15.141303851189845
-15.199890812677946
-15.187891904551167
-15.246012985505656
-15.2335528556506
-15.271217327094094
-15.268505153823153
-15.265820102284922
-15.233161901262072
-15.18083028224945
-15.179021979426956
-15.187231759632686
-15.19535944203636
-15.143405847615995
-15.141971789139834
-15.080552071248436
-15.09974655053595
-15.078749085030593
-15.067961594180288
-15.037281978238484
-14.996909158456099
-14.966940066871537
-14.967270666202822
-14.967597959540793
-14.967921979945386
-14.848242760145931
-14.81976033254447
-14.811562729219027
-14.763447101926836
-14.765812630907568
-14.808154504598493
-14.820072959552508
-14.861872229956983
-14.843253507657414
-14.854820972580839
-14.856272762855031
-14.79771003522648
-14.759732934874215
-14.772135605525472
-14.774414249470217
-14.756670106975516
-14.769103405905762
-14.791412371846704
-14.783498248128238
-14.715663265646956
-14.678506632990485
-14.671721566660581
-14.715004350993976
-14.757854307484035
-14.760275764409194
-14.752673006765102
-14.735146276697451
-14.737794813930476
-14.760416865791171
-14.732812697133259
-14.725484570161926
-14.678229724460307
-14.701447427215703
-14.734432952943544
-14.63708862341411
-14.600717737179968
-14.624710559808168
-14.598463454210085
-14.612478819667984
-14.596354031471305
-14.530390491156592
-14.485086586245025
-14.530235720382574
-14.544933363178748
-14.50948402954696
-14.47438918925149
-14.479645297358974
-14.494848844385384
-14.49990035594153
-14.474901352382114
-14.450152338858292
-14.47565081546971
-14.480894307315012
-14.496085364241862
-14.411124510599445
-14.387013265493449
-14.373143132838516
-14.379411701510131
-14.40561758449503
-14.39156140865008
-14.42764579456358
-14.423369336617943
-14.399135643251762
-14.375144286819244
-14.381392843951053
-14.357578915511542
-14.344003126356428
-14.300563095092864
-14.287557464141935
-14.314681889500516
-14.301535070605512
-14.328519719899457
-14.295234522700461
-14.242282177473456
-14.19985935569872
-14.237860762141732
-14.235482154520316
-14.243127332975114
-14.230696059645362
-14.23838909904891
-14.26600520805842
-14.283345155977836
-14.180511704418056
-14.148706587373875
-14.097219521500136
-14.116247326285135
-14.095084853022284
-14.144134004492061
-14.17269266444714
-14.16096573780267
-14.209356080424643
-14.237262519620396
-14.194889894424191
-14.212940995479949
-14.160811585525149
-14.209203469669896
-14.207111434973198
-14.165040320623465
-14.18338991741723
-14.151556018243058
-14.160040458060628
-14.208440053480022
-14.236355652945221
-14.233992096415768
-14.28165217545161
-14.258835653697092
-14.296247297160122
-14.263284824188519
-14.250651975946635
-14.278145456187168
-14.275364001625297
-14.232610361609044
-14.140284257992954
-14.138881415413024
-14.127492601258895
-14.126217675246307
-14.094955498493844
-14.074005943508904
-14.073265884073816
-14.042533225233077
-14.012107892980746
-13.991986814050938
-14.022066945910428
-14.071846276451323
-14.10112781368681
-14.16011653554994
-14.098515370194441
-14.087530216492498
-14.076654914327573
-14.045888365184297
-14.025429481532452
-14.055175186717127
-14.064623434849956
-14.013977200501456
-13.883837428496442
-13.854999054211477
-13.826449063669362
-13.858184573032668
-13.859602727302342
-13.801006700029319
-13.812996633029027
-13.844866666698737
-13.83641800003175
-13.788053820031433
-13.820173281831119
-13.821971549012808
-13.81375183352268
-13.785614315187452
-13.747758172035576
-13.78028059031522
-13.712477784412068
-13.665353006567946
-13.678699476502267
-13.681912481737244
-13.675093356919872
-13.688342423350674
-13.691458999117168
-13.704544409125997
-13.717498965034737
-13.73032397538439
-13.733020735630546
-13.685690528274241
-13.718833622991498
-13.721645286761584
-13.714428833893969
-13.697284545555029
-13.700311700099478
-13.713308583098483
-13.676175497267497
-13.709413742294823
-13.642319604871874
-13.625896408823154
-13.619637444734924
-13.623441070287575
-13.597206659584698
-13.60123459298885
-13.595222247058963
-13.609270024588374
-13.58317732434249
-13.597345551099066
-13.631372095588075
-13.615058374632193
-13.618907790885872
-13.632718712977013
-13.666391525847242
-13.63972761058877
-13.603330334482882
-13.587297031138052
-13.621424060826671
-13.615209820218405
-13.569057722016222
-13.57336714479606
-13.4776334733481
-13.47285713861462
-13.448128567228473
-13.393647281556188
-13.389710808740627
-13.42581370065322
-13.481555563646689
-13.476740008010223
-13.471972607930121
-13.447252881850819
-13.362780353032312
-13.359152549501989
-13.395561024006968
-13.431605413766897
-13.43728935962923
-13.452916466032937
-13.488387301372608
-13.513503428358883
-13.498368394075293
-13.41338471013454
-13.429250863033195
-13.384958354402862
-13.431108770858833
-13.396797683150243
-13.41282970631874
-13.398701409255553
-13.434714395162997
-13.450367251211368
-13.425863578699254
-13.431604942912262
-13.42728889348314
-13.44301600454831
-13.408585844502827
-13.3644999860578
-13.380854986197221
-13.397046436335248
-13.423075971971896
-13.438845212252177
-13.454456760129656
-13.479912192528358
-13.525113070603075
-13.489861939897043
-13.524963320498072
-13.539713687293093
-13.57431655042016
-13.588573384915959
-13.6226876510668
-13.596460774556132
-13.61049616681057
-13.604391205142464
-13.60834729309104
-13.59226382016013
-13.58634118195853
-13.590477770138945
-13.564572992437554
-13.598927262513179
-13.562937989888047
-13.527308609989166
-13.542035523889275
-13.526615168650382
-13.561349016963877
-13.515735526794238
-13.530578171526296
-13.465272389811032
-13.420619665912922
-13.446413469253793
-13.481949334561255
-13.447129841215641
-13.402658542803485
-13.368631957375449
-13.344945637801693
-13.331496181423676
-13.348181219609438
-13.324699407413343
-13.29145241333921
-13.208537889205818
-13.21645251031376
-13.204287985210621
-13.192245105358515
-13.21032265430493
-13.24821942776188
-13.255737233484261
-13.233179861149418
-13.210848062537924
-13.188739581912543
-13.186852186093418
-13.214983664232484
-13.29283382759016
-13.28990548931426
-13.307006434421117
-13.263936370076905
-13.211297006376137
-13.239184036312375
-13.246792195949253
-13.20432427398976
-13.222281031249864
-13.160058220937366
-13.158457638727992
-13.146873062340712
-13.125404331717304
-13.094150288400131
-13.02320878551613
-13.012976697660969
-13.01284693068436
-13.022718461377517
-12.982491276763742
-13.022666363996105
-12.992439700356144
-12.992515303352583
-12.972590150319057
-12.992864248815867
-12.952935606327708
-12.963406250264432
-12.973772187761789
-12.984034465884172
-12.96419412122533
-12.984552180013075
-12.974706658212943
-12.944959591630813
-12.845509995714504
-12.827054895757358
-12.748784346799786
-12.781296503331788
-12.74348353829847
-12.806048702915485
-12.78798821588633
-12.790108333727467
-12.832207250390192
-12.84388517788629
-12.825446326107427
-12.767191862846353
-12.79951994421789
-12.811524744775712
-12.823409497327955
-12.845175402354675
-12.846723648331128
-12.848256411847817
-12.86977384772934
-12.851076109252045
-12.832565348159523
-12.854239694677927
-12.85569729773115
-12.817140324753838
-12.8189689215063
-12.810779232291237
-12.802671439968323
-12.76464472556864
-12.796998278312953
-12.819028295529824
-12.740838012574526
-12.783429632448781
-12.785595336124294
-12.807739382763051
-12.80966198893542
-12.831565369046066
-12.863249715355606
-12.84461721820205
-12.78617104602003
-12.80830933555983
-12.80022624220423
-12.872223979782188
-12.833501739984365
-12.755166722584523
-12.737615055358678
-12.71023890480509
-12.71313651575704
-12.626005150599468
-12.629745099093475
-12.66344764810254
-12.636813171621514
-12.560445039905298
-12.404840589506247
-12.360792183611185
-12.387184261775074
-12.393312419157324
-12.32937929496575
-12.396085502016092
-12.37212464699593
-12.35840340052597
-12.41481936652071
-12.400671172855503
-12.426664461126949
-12.45239781651568
-12.427873838350521
-12.463595099967016
-12.498959148967346
-12.423969557477673
-12.419729861902894
-12.385532563283865
-12.451677237651026
-12.467160465274516
-12.392488860621771
-12.398563972015554
-12.424578332295399
-12.430332548972446
-12.446029223482721
-12.511568931247893
-12.546453241935415
-12.46098870951606
-12.3863788224209
-12.37251503419669
-12.318789883854723
-12.305601985016175
-12.282545965166012
-12.299720505514353
-12.286723300459208
-12.303856067454616
-12.32081750678007
-12.31760933171227
-12.294433238395147
-12.241488906011195
-12.249074016951084
-12.196583276781574
-12.184617444013758
-12.19277126957362
-12.180843556877884
-12.099035121309104
-12.028044770096013
-11.977764322395053
-11.977986679171101
-11.968206812379389
-11.958524744255595
-11.88893949681304
-11.880050101844908
-11.84124960082646
-11.872837104818196
-11.824108733770014
-11.835867646432314
-11.88750896996799
-11.858633880268311
-11.850047541465628
-11.881547066050972
-11.912731595390463
-11.863604279436558
-11.924968236642192
-11.925718554275768
-11.936461368733012
-11.967096755045683
-11.937425787495226
-11.928051529620273
-11.938771014324072
-11.92938330418083
-11.90008947113902
-11.93108857642763
-11.961777690663354
-11.892159913756721
-11.853238314619155
-11.814705931472963
-11.866558872158233
-11.887893283436652
-11.909014350602286
-11.909924207096262
-11.9208249650253
-11.931616715375048
-11.912300548221298
-11.873177542739084
-11.724445767311694
-11.797201309638577
-11.759229296542191
-11.761637003576768
-11.734020633541
-11.77668042720559
-11.778913622933533
-11.791124486704199
-11.773213241837157
-11.745481109418785
-11.718026298324597
-11.690846035341352
-11.673937574987939
-11.637198199238059
-11.66082621724568
-11.664217955073221
-11.657575775522488
-11.731000017767263
-11.76369001758959
-11.656053117413695
-11.669492586239558
-11.662797660377162
-11.66616968377339
-11.649507986935655
-11.643012907066298
-11.686582777995635
-11.689716950215677
-11.672819780713521
-11.676091582906384
-11.689330667077321
-11.702437360406549
-11.655412986802483
-11.66885885693446
-11.692170268365116
-11.685248565681464
-11.70839608002465
-11.661312119224403
-11.714698998032159
-11.727552008051838
-11.74027648797132
-11.662873723091606
-11.636244985860689
-11.60988253600208
-11.63378371064206
-11.64744587353564
-11.620971414800284
-11.604761700652281
-11.578714083645758
-11.592926942809301
-11.606997673381208
-11.540927696647397
-11.535518419680923
-11.510163235484113
-11.545061603129271
-11.519610987097979
-11.534414877227
-11.569070728454731
-11.603380021170183
-11.607346220958481
-11.581272758748897
-11.555460031161408
-11.519905430849793
-11.534706376541296
-11.509359312775883
-11.474265719648125
-11.479523062451642
-11.504727831827127
-11.439680553508856
-11.455283747973768
-11.47073091049403
-11.44602360138909
-11.4315633653752
-11.397247731721446
-11.363275254404233
-11.41964250186019
-11.415446076841588
-11.431291616073173
-11.466978699912442
-11.502308912913318
-11.517285823784185
-11.482112965546344
-11.49729183589088
-11.462318917531972
-11.407695728356652
-11.403618771073084
-11.439582583362354
-11.39518675752873
-11.351234889953442
-11.307722541053908
-11.284645315643369
-11.301798862486935
-11.278780873862065
-11.285993065123444
-11.33313313447221
-11.319801803127486
-11.216603785096211
-11.144437747245249
-11.122993369772797
-11.111763436075067
-11.120645801714316
-11.079439343697173
-11.108644950260201
-11.0575585007576
-11.036982915750023
-11.086613086592523
-11.055746955726597
-11.095189486169332
-11.064237591307638
-11.12359521539456
-11.082359263240615
-11.081535670608208
-11.090720313902125
-11.139813110763104
-11.098414979655473
-11.11743082985892
-11.086256521560331
-11.105393956344729
-11.164340016781281
-11.222696616613469
-11.230469650447333
-11.148164953942858
-11.166683304403431
-11.185016471359397
-11.203166306645803
-11.201134643579344
-11.239123297143552
-11.176732064172116
-11.234964743530394
-11.24261509609509
-11.220188945134138
-11.247987055682797
-11.26550718512597
-11.30285211327471
-11.319823592141963
-11.316625356220543
-11.303459102658337
-11.260424511631754
-11.247820266515436
-11.205342063850281
-11.103288643211778
-11.13225575677966
-11.120933199211864
-11.149723867219747
-11.108226628547548
-11.057144362262074
-11.046572918639452
-11.066107189453058
-11.065446117558526
-11.014791656382942
-10.994643739819113
-11.014697302420922
-10.964550329396713
-10.964904826102746
-11.015255777841718
-10.975103220063302
-10.91535218786267
-10.966198665984043
-10.966536679324202
-10.94687131253096
-10.957402599405649
-10.927828573411592
-10.948550287677477
-10.959064784800702
-10.919474136952696
-10.88027939558317
-10.861476601627338
-10.842861835611064
-10.744433217254953
-10.756988885082402
-10.829418996231578
-10.881124806269263
-10.84231355820657
-10.883890422624503
-10.84505151839826
-10.766601003214276
-10.738934993182134
-10.711545643250313
-10.71443018681781
-10.777285884949631
-10.759513026100134
-10.761917895839131
-10.624298716880741
-10.578055729711934
-10.552275172414815
-10.566752420690666
-10.531084896483758
-10.575774047518921
-10.570016307043732
-10.584316143973293
-10.59847298253356
-10.602488252708223
-10.586463370181141
-10.61059873647933
-10.544492749114536
-10.61904782162339
-10.642857343407156
-10.626428769973085
-10.640164482273354
-10.60376283745062
-10.647725209076114
-10.601247956985354
-10.5752354774155
-10.489483122641344
-10.50458829141493
-10.48954240850078
-10.364646984415772
-10.381000514571614
-10.367190509425898
-10.413518604331639
-10.439383418288323
-10.454989584105439
-10.390439688264383
-10.35653529138174
-10.322969938467923
-10.269740239083244
-10.237042836692412
-10.214672408325487
-10.192525684242232
-10.22060042739981
-10.238394423125811
-10.266010478894554
-10.273350374105608
-10.300616870364552
-10.347610701660907
-10.344134594644297
-10.290693248697854
-10.237786316210876
-10.205408453048767
-10.243354368518279
-10.250920824833095
-10.308411616584763
-10.355327500418916
-10.381774225414727
-10.28795648316058
-10.275076918328974
-10.282326149145684
-10.269502887654227
-10.316807858777684
-10.293639780189908
-10.300703382388008
-10.347696348564128
-10.394219385078486
-10.400277191227701
-10.416274419315423
-10.412111675122269
-10.377990558371046
-10.364210652787335
-10.300568546259461
-10.297562860796866
-10.154587232188899
-10.13304135986701
-10.141710946268338
-10.170293836805655
-10.228590898437599
-10.266304989453223
-10.28364193955869
-10.290805520163103
-10.277897464961471
-10.275118490311856
-10.242367305408738
-10.24994363235465
-10.267444196031104
-10.294769754070794
-10.291822056530085
-10.318903835964786
-10.325714797605137
-10.292457649629085
-10.299533073132794
-10.286537742401466
-10.26367236497745
-10.251035641327675
-10.228525284914399
-10.216240032065254
-10.244077631744602
-10.261636855427156
-10.319020486872885
-10.365830282004156
-10.322171979184114
-10.258950259392272
-10.266360756798349
-10.313697149230366
-10.340560177738062
-10.317154575960682
-10.313983030201076
-10.330843199899064
-10.307534767900073
-10.294459420221072
-10.281514826018862
-10.268699677758672
-10.216012680981086
-10.163852554171276
-10.132214028629564
-10.210891888343268
-10.258782969459835
-10.226195139765236
-10.173933188367585
-10.102193856483908
-10.091171917919068
-10.090260198739877
-10.049357596752479
-10.058864020784954
-10.108275380577105
-10.107192626771333
-10.096120700503619
-10.065159493498582
-10.084507898563595
-10.05366281957796
-10.03312619138218
-10.09279492946836
-10.101866980173675
-10.120848310371937
-10.059639827268215
-10.039043428995534
-10.088652994705578
-10.067766464758522
-10.097088800110937
-10.026117912109827
-10.015856732988729
-10.035698165658841
-10.085341184002253
-10.114487772162231
-10.14334289444061
-10.131909465496204
-10.140590370841242
-10.139184467132829
-10.097792622461501
-10.126814696236886
-10.115546549274518
-10.094391083781773
-10.103447172943953
-10.122412701214513
-10.151188574202369
-10.179676688460345
-10.167879921575741
-10.116201122359984
-10.075039111136384
-10.124288720025021
-10.163045832824771
-10.181415374496522
-10.149601220751556
-10.16810520854404
-10.096424156458598
-10.145459914894012
-10.174005315745072
-10.142265262587621
-10.080842609961744
-10.070034183862127
-10.039333842023506
-10.098940503603272
-10.097951098567238
-10.136971587581566
-10.15560187170575
-10.074045852988693
-10.103305394458806
-10.092272340514217
-10.101349617109074
-10.070336120937984
-10.069632759728604
-10.058936432131318
-10.108347067810005
-9.997263597131905
-10.007290961160585
-9.947218051548978
-9.967745871033488
-9.978068412323152
-9.928287728199921
-9.969004850917923
-9.929314802408744
-9.900021654384656
-9.911021437840809
-9.8419112234624
-9.833492111227775
-9.835157190115497
-9.836805618214342
-9.788437562032199
-9.720553186411875
-9.683347654547756
-9.71651417800228
-9.769349036222257
-9.811655545860035
-9.823538990401433
-9.85530360049742
-9.866750564492445
-9.818083058847522
-9.869902228259047
-9.801203205976456
-9.81319117391669
-9.795059262177524
-9.82710866955575
-9.848837582860192
-9.88034920703159
-9.901545714961275
-9.932530257811663
-9.953204955233545
-9.87367290568121
-9.884936176624397
-9.896086814858151
-9.837125946709568
-9.808754687242473
-9.86066714037005
-9.852060468966348
-9.773539864276684
-9.765804465633916
-9.778146420977576
-9.8203649567678
-9.772161307200124
-9.774439694128121
-9.74669529718684
-9.779228344214971
-9.79143606077282
-9.833521700165093
-9.855186483163441
-9.876634618331806
-9.867868272148488
-9.869189589427004
-9.890497693532733
-9.871592716597405
-9.822876789431431
-9.834648021537117
-9.846301541321745
-9.887838525908528
-9.938960140649442
-9.889570539242948
-9.92067483385052
-9.951468085512015
-10.001953404656895
-10.071933870610327
-10.101214531904224
-10.100202386585181
-10.149200362719329
-10.197708359092136
-10.135731275501215
-10.144373962746203
-10.152930223118739
-10.131400920887552
-10.120086911678676
-10.12888604256189
-10.14759718213627
-10.196121210314907
-10.184159998211758
-10.212318398229641
-10.160195214247345
-10.208593262104872
-10.196507329483822
-10.154542256188984
-10.152996833627094
-10.041466865290824
-10.071052196637917
-10.060341674671538
-10.089738257924823
-10.088840875345575
-10.12795246659212
-10.186672941926199
-10.154806212506937
-10.163258150381868
-10.15162556887805
-10.13010931318927
-10.148808220057376
-10.117320137856803
-10.066146936478235
-10.095485467113454
-10.014530612442318
-9.994385306317895
-10.014441453254715
-10.044297038722169
-10.043854068334946
-10.013415527651597
-9.923281372375081
-9.894048558651331
-9.845108073064818
-9.91665699233417
-9.957490422410828
-9.907915518186721
-9.858836363004855
-9.850247999374806
-9.851745519381058
-9.893228064187248
-9.894295783545376
-9.89535282570992
-9.87639929745282
-9.827635304478294
-9.84935895143351
-9.760865361919175
-9.773256708299982
-9.805524141216983
-9.807468899804812
-9.779394210806764
-9.811600268698697
-9.73348426601171
-9.786149423351592
-9.778287929118076
-9.800505049826894
-9.772499999328625
-9.774774999335339
-9.837027249341986
-9.898656976848565
-9.87967040708008
-9.890873703009278
-9.881964965979185
-9.793145316319393
-9.7752138631562
-9.797461724524636
-9.75948710727939
-9.831892236206597
-9.83357331384453
-9.835237580706085
-9.826885204899025
-9.798616352850035
-9.690630189321535
-9.71372388742832
-9.736586648554034
-9.719220782068493
-9.692028574247809
-9.765108288505331
-9.767457205620278
-9.779782633564075
-9.831984807228434
-9.88366495915615
-9.864828309564588
-9.886180026468942
-9.877318226204252
-9.90854504394221
-9.989459593502788
-10.01956499756776
-10.029369347592082
-10.03907565411616
-10.068684897575
-10.107998048599251
-10.036918068113257
-10.056548887432124
-10.095983398557802
-10.105023564572223
-10.1839733289265
-10.142133595637235
-10.110712259680863
-10.109605137084055
-10.128509085713214
-10.177223994856082
-10.15545175490752
-10.143897237358445
-10.192458264984861
-10.230533682335013
-10.218228345511662
-10.236046062056545
-10.23368560143598
-10.17134874542162
-10.189635257967403
-10.21773890538773
-10.215561516333851
-10.193405901170513
-10.211471842158806
-10.17935712373722
-10.177563552499846
-10.165787916974848
-10.1541300378051
-10.162588737427049
-10.210962850052779
-10.19885322155225
-10.136864689336727
-10.10549604244336
-10.154441082018927
-10.162896671198737
-10.121267704486751
-10.110055027441883
-10.108954477167464
-10.127864932395788
-10.116586283071829
-10.10542042024111
-10.0743662160387
-10.083622553878312
-10.062786328339529
-10.092158465056134
-10.121236880405572
-10.120024511601516
-10.1288242664855
-10.107536023820645
-10.156460663582438
-10.204896056946614
-10.202847096377148
-10.090818625413377
-10.099910439159242
-10.07891133476765
-10.068122221419973
-10.127440999205772
-10.116166589213714
-10.145004923321578
-10.133554874088361
-10.152219325347476
-10.180697132094002
-10.228890160773062
-10.166601259165331
-10.154935246573677
-10.19338589410794
-10.121452035166861
-10.100237514815193
-10.049235139667042
-10.078742788270372
-10.037955360387668
-10.067575806783791
-10.046900048715953
-10.026431048228794
-10.076166737746506
-10.06540507036904
-10.04475101966535
-10.034303509468696
-10.00396047437401
-9.97392086963027
-9.944181660933967
-9.934739844324628
-9.945392445881382
-9.975938521422568
-10.036179136208343
-10.05581734484626
-9.995259171397796
-10.04530657968382
-10.014853513886981
-10.044704978748113
-10.06425792896063
-10.053615349671023
-10.043079196174313
-10.02264840421257
-9.972421920170444
-9.992697700968739
-10.062770723959051
-10.102143016719461
-10.071121586552266
-10.130410370686743
-10.119106266979875
-10.097915204310077
-10.066936052266977
-10.146266691744307
-10.184804024826864
-10.132955984578595
-10.18162642473281
-10.149810160485483
-10.098312058880628
-10.067328938291823
-10.036655648908905
-10.076289092419817
-10.055526201495619
-9.994970939480663
-10.005021230085855
-10.014971017784996
-10.064821307607145
-10.064173094531073
-10.033531363585762
-10.023196049949904
-10.012964089450405
-9.9728344485559
-9.963106104070341
-9.933475043029638
-9.974140292599342
-9.94439888967335
-9.914954900776616
-9.92580535176885
-9.90654729825116
-9.927481825268648
-9.898207007015962
-9.909224936945803
-9.880132687576346
-9.891331360700581
-9.892418047093575
-9.843493866622639
-9.785058927956412
-9.807208338676846
-9.859136255290078
-9.870544892737177
-9.901839443809806
-9.942821049371709
-9.933392838877992
-9.974058910489212
-9.944318321384321
-10.014875138170478
-9.924726386788773
-9.975479122920886
-9.965724331691677
-9.94606708837476
-9.906606417491012
-9.967540353316103
-10.017864949782942
-10.007686300285112
-10.057609437282261
-10.09703334290944
-10.056063009480345
-10.005502379385543
-10.055447355591689
-10.034892882035772
-9.894543953215415
-9.865598513683262
-9.896942528546429
-9.907973103260964
-9.958893372228355
-9.95930443850607
-9.969711394121008
-10.0100142801798
-9.999914137378001
-10.01991499600422
-9.999715846044177
-9.959718687583736
-9.9601215007079
-9.94052028570082
-9.941115082843812
-9.961703932015373
-9.962086892695218
-9.982466023768266
-9.922641363530582
-9.933414949895276
-9.974080800396324
-9.924339992392362
-9.89509659246844
-9.846145626543755
-9.827684170278317
-9.839407328575534
-9.851013255289779
-9.892503122736882
-9.853578091509513
-9.91504231059442
-9.875891887488475
-9.86713296861359
-9.838461638927454
-9.850077022538178
-9.811576252312797
-9.86346048978967
-9.854825884891772
-9.886277626042855
-9.877414849782426
-9.828640701284602
-9.770354294271755
-9.712650751329036
-9.745524243815746
-9.738069001377589
-9.710688311363814
-9.683581428250177
-9.706745613967675
-9.729678157827998
-9.732381376249718
-9.74505756248722
-9.697606986862349
-9.750630916993725
-9.733124607823788
-9.74579336174555
-9.738335428128094
-9.790952073846814
-9.793042553108345
-9.745112127577261
-9.827661006301488
-9.879384396238473
-9.890590552276088
-9.931684646753327
-9.962367800285795
-9.972744122282936
-9.973016681060107
-10.043286514249505
-10.01285364910701
-10.02272511261594
-10.05249786148978
-10.031972882874882
-10.071653154046134
-10.040936622505672
-10.090527256280616
-10.14962198371781
-10.19812576388063
-10.266144506241824
-10.213483061179407
-10.201348230567612
-10.169334748261937
-10.137641400779318
-10.196264986771524
-10.164302336903809
-10.152659313534771
-10.201132720399423
-10.159121393195429
-10.167530179263474
-10.145854877470839
-10.13439632869613
-10.16305236540917
-10.141421841755077
-10.120007623337527
-10.108807547104151
-10.13771947163311
-10.126342276916779
-10.12507885414761
-10.123828065606133
-10.172589784950073
-10.080863887100572
-10.130055248229565
-10.15875469574727
-10.177167148789795
-10.145395477301898
-10.18394152252888
-10.152102107303591
-10.160581086230554
-10.188975275368248
-10.227085522614566
-10.21481466738842
-10.202666520714535
-10.20063985550739
-10.198633456952315
-10.156647122382793
-10.125080651158965
-10.083829844647376
-10.002991546200901
-10.022961630738891
-10.0327320144315
-9.962404694287185
-9.872780647344314
-9.844052840870871
-9.835612312462162
-9.79725618933754
-9.789283627444165
-9.871390791169723
-9.902676883258026
-9.883650114425446
-9.81481361328119
-9.786665477148379
-9.728798822376895
-9.761510834153126
-9.743895725811596
-9.766456768553478
-9.768792200867944
-9.801104278859265
-9.733093236070673
-9.805762303709965
-9.797704680672865
-9.669727633866136
-9.663030357527475
-9.616400053952201
-9.57023605341268
-9.594533692878553
-9.578588355949767
-9.63280247239027
-9.626474447666368
-9.580209703189706
-9.534407606157808
-9.53906353009623
-9.503672894795269
-9.508636165847316
-9.323549804188842
-9.280314306146954
-9.307511163085483
-9.324436051454628
-9.391191690940081
-9.38727977403068
-9.413406976290373
-9.46927290652747
-9.514580177462197
-9.529434375687574
-9.564140031930698
-9.58849863161139
-9.532613645295275
-9.537287508842322
-9.531914633753898
-9.516595487416359
-9.511429532542195
-9.526315237216773
-9.471052084844604
-9.496341563996157
-9.521378148356195
-9.546164366872633
-9.510702723203908
-9.535595695971868
-9.550239739012149
-9.514737341622027
-9.509589968205807
-9.52449406852375
-9.549249127838511
-9.583756636560127
-9.537919070194526
-9.50253987949258
-9.447514480697654
-9.343039335890678
-9.289608942531771
-9.296712853106452
-9.323745724575387
-9.390508267329633
-9.436603184656336
-9.492237152809773
-9.537314781281676
-9.53194163346886
-9.54662221713417
-9.541155994962828
-9.5357444350132
-9.560386990663067
-9.534783120756437
-9.549435289548871
-9.613940936653382
-9.587801527286848
-9.59192351201398
-9.55600427689384
-9.630444234124901
-9.614139791783652
-9.657998393865816
-9.681418409927156
-9.684604225827885
-9.657758183569605
-9.69118060173391
-9.664268795716572
-9.677626107759405
-9.650849846681812
-9.644341348214994
-9.677897934732844
-9.681118955385514
-9.71430776583166
-9.737164688173342
-9.78979304129161
-9.711895110878693
-9.604776159769907
-9.618728398172207
-9.652541114190486
-9.686015703048582
-9.699155546018096
-9.692163990557914
-9.735242350652335
-9.777889927145813
-9.740111027874354
-9.772709917595611
-9.724982818419656
-9.71773299023546
-9.700555660333105
-9.783550103729773
-9.765714602692475
-9.758057456665549
-9.740476882098893
-9.753072113277904
-9.785541392145126
-9.817685978223675
-9.839509118441438
-9.781114027257022
-9.793302886984451
-9.805369858114606
-9.737316159533458
-9.729942997938123
-9.65264356795874
-9.586117132279153
-9.640255960956361
-9.493853401346797
-9.49891486733333
-9.483925718659997
-9.539086461473397
-9.583695596858664
-9.587858640890078
-9.471980054481177
-9.457260253936365
-9.442687651397002
-9.418260774883032
-9.464078167134202
-9.51943738546286
-9.574243011608232
-9.498500581492149
-9.523515575677227
-9.538280419920454
-9.50289761572125
-9.517868639564037
-9.532689953168397
-9.507363053636713
-9.422289423100345
-9.42806652886934
-9.453785863580647
-9.48924800494484
-9.484355524895392
-9.449511969646439
-9.475016849949974
-9.450266681450474
-9.36576401463597
-9.39210637448961
-9.418185310744713
-9.384003457637267
-9.400163423060894
-9.396161788830284
-9.352200170941982
-9.338678169232562
-9.265291387540236
-9.142638473664833
-9.091212088928184
-9.120299968038902
-9.099096968358513
-9.118105998674928
-9.116924938688179
-9.135755689301297
-9.134398132408283
-9.163054151084198
-9.111423609573356
-9.160309373477622
-9.228706279742847
-9.306419216945418
-9.193355024775965
-9.161421474528206
-9.139807259782923
-9.138409187185093
-9.117025095313243
-9.035854844360111
-8.99549629591651
-9.005541332957344
-9.025485919627771
-9.035231060431492
-8.964878749827177
-8.855229962328906
-8.816677662705617
-8.79851088607856
-8.810525777217775
-8.832420519445597
-8.814096314251142
-8.795955351108631
-8.807995797597545
-8.78991583962157
-8.792016681225354
-8.754096514413101
-8.70655554926897
-8.62948999377628
-8.633195093838518
-8.596863142900133
-8.450894511471132
-8.39638556635642
-8.412421710692856
-8.388297493585927
-8.414414518650068
-8.420270373463566
-8.45606766972893
-8.45150699303164
-8.486991923101321
-8.512122003870308
-8.547000783831605
-8.51153077599329
-8.466415468233356
-8.461751313551023
-8.477133800415512
-8.532362462411358
-8.527038837787245
-8.571768449409372
-8.536050764915279
-8.500690257266127
-8.495683354693465
-8.50072652114653
-8.495719255935064
-8.480762063375714
-8.465954442741957
-8.351294898314539
-8.357781949331393
-8.444204129838079
-8.429762088539698
-8.4454644676543
-8.451009822977758
-8.43649972474798
-8.3421347275005
-8.388713380225497
-8.40482624642324
-8.390777983959008
-8.376870204119419
-8.373101502078224
-8.249370487057442
-8.246876782186868
-8.264408014365
-8.291763934221349
-8.318846294879135
-8.385657831930343
-8.421801253611038
-8.427583241074927
-8.423307408664177
-8.479074334577536
-8.54428359123176
-8.578840755319442
-8.603052347766248
-8.647021824288586
-8.6805516060457
-8.643746089985244
-8.667308629085392
-8.690635542794537
-8.763729187366591
-8.796091895492925
-8.838130976537997
-8.739749666772617
-8.68235217010489
-8.69552864840384
-8.658573361919803
-8.671987628300604
-8.665267752017598
-8.618615074497422
-8.622428923752448
-8.566204634514923
-8.570542588169774
-8.524837162288076
-8.559588790665195
-8.623992902758543
-8.657752973730956
-8.681175443993645
-8.684363689553708
-8.71752005265817
-8.700344852131588
-8.723341403610272
-8.76610798957417
-8.798446909678427
-8.830462440581641
-8.822157816175825
-8.903936238014067
-8.964896875633926
-8.925247906877587
-8.885995427808812
-8.927135473530724
-8.927864118795416
-8.848585477607461
-8.870099622831386
-8.921398626603073
-8.912184640337042
-8.953062793933672
-8.983532165994335
-9.033696844334392
-9.093359875891048
-9.172426277132137
-9.120702014360814
-9.159494994217207
-9.147900044275035
-9.206421043832284
-9.264356833393961
-9.351713265060022
-9.348196132409422
-9.334714171085327
-9.301367029374473
-9.358353359080729
-9.36476982548992
-9.37112212723502
-9.38741090596267
-9.363536796903043
-9.279901428934012
-9.317102414644673
-9.233931390498226
-9.251592076593242
-9.25907615582731
-9.236485394269037
-9.294120540326347
-9.101179334923083
-9.080167541573852
-9.059365866158114
-9.088772207496532
-9.127884485421568
-9.106605640567352
-9.155539584161678
-9.163984188320061
-9.202344346436861
-9.170320902972493
-9.168617693942767
-9.17693151700334
-9.195162201833305
-9.203210579814971
-9.191178474016821
-9.189266689276653
-9.227374022383888
-9.28510028216005
-9.26224927933845
-9.259626786545065
-9.237030518679614
-9.234660213492818
-9.21231361135789
-9.200190475244312
-9.15818857049187
-9.136606684786951
-9.06524061793908
-9.13458821175969
-9.083242329642092
-9.042409906345672
-8.981985807282214
-8.982165949209392
-8.992344289717298
-8.992420846820124
-9.032496638351924
-9.062171671968404
-9.081549955248718
-9.040734455696231
-9.07032711113927
-9.039623840027877
-8.899227601627597
-8.890235325611322
-8.891332972355208
-8.892419642631657
-8.87349544620534
-8.944760491743287
-8.935312886825853
-8.925959757957594
-8.996700160378019
-9.006733158774239
-9.076665827186497
-9.125899168914632
-9.084640177225486
-9.02379377545323
-9.003555837698698
-8.93352027932171
-8.864185076528493
-8.845543225763208
-8.877087793505575
-8.83831691557052
-8.849933746414814
-8.781434408950666
-8.68362006486116
-8.686783864212547
-8.67991602557042
-8.683116865314716
-8.68628569666157
-8.679422839694954
-8.712628611298003
-8.735502325185022
-8.778147301933172
-8.86036582891384
-8.881762170624702
-8.852944548918455
-8.86441510342927
-8.885770952394976
-8.886913242871026
-8.918044110442315
-8.998863669337892
-8.958875032644514
-8.999286282318069
-9.059293419494889
-8.998700485299938
-9.028713480446939
-9.048426345642469
