-21.0
-21.0
-20.98
-20.9802
-20.960398
-20.95079402
-20.9512860798
-20.951773219002
-20.932255486811982
-20.922932931943862
-20.923703602624425
-20.92446656659818
-20.9252219009322
-20.92596968192288
-20.91670998510365
-20.917542885252615
-20.90836745640009
-20.909283781836088
-20.900190944017726
-20.891189034577547
-20.892277144231773
-20.893354372789457
-20.88442082906156
-20.875576620770946
-20.866820854563237
-20.868152646017606
-20.849471119557432
-20.85097640836186
-20.84246664427824
-20.834041977835458
-20.795701558057104
-20.797744542476533
-20.789767097051765
-20.79186942608125
-20.783950731820436
-20.77611122450223
-20.778350112257208
-20.770566611134633
-20.772860945023286
-20.765132335573053
-20.757481012217323
-20.749906202095147
-20.722407140074196
-20.725183068673456
-20.727931237986724
-20.730651925606857
-20.73334540635079
-20.73601195228728
-20.738651832764408
-20.73126531443676
-20.733952661292395
-20.736613134679473
-20.729247003332677
-20.73195453329935
-20.73463498796636
-20.737288638086696
-20.73991575170583
-20.74251659418877
-20.745091428246884
-20.737640513964415
-20.73026410882477
-20.732961467736523
-20.735631853059157
-20.728275534528564
-20.73099277918328
-20.733682851391446
-20.736346022877534
-20.738982562648758
-20.74159273702227
-20.734176809652045
-20.726835041555525
-20.699566691139967
-20.70257102422857
-20.705545313986285
-20.698489860846422
-20.691504962237957
-20.674589912615577
-20.677844013489423
-20.67106557335453
-20.674354917620985
-20.677611368444776
-20.670835254760327
-20.674126902212723
-20.667385633190595
-20.67071177685869
-20.6740046590901
-20.6772646124992
-20.670491966374207
-20.673787046710466
-20.67704917624336
-20.68027868448093
-20.673475897636116
-20.656741138659758
-20.66017372727316
-20.66357199000043
-20.66693627010043
-20.670266907399427
-20.673564238325433
-20.67682859594218
-20.660060309982757
-20.66345970688293
-20.6668251098141
-20.67015685871596
-20.6734552901288
-20.66672073722751
-20.670053529855235
-20.673352994556684
-20.676619464611118
-20.679853269965008
-20.68305473726536
-20.676224189892704
-20.679461947993776
-20.682667328513837
-20.675840655228697
-20.679082248676412
-20.68229142618965
-20.665468511927756
-20.668813826808478
-20.672125688540394
-20.65540443165499
-20.65885038733844
-20.662261883465057
-20.645639264630407
-20.649182871984102
-20.652691043264262
-20.65616413283162
-20.659602491503303
-20.66300646658827
-20.656376401922387
-20.64981263790316
-20.63331451152413
-20.63698136640889
-20.6106115527448
-20.594505437217354
-20.58856038284518
-20.59267477901673
-20.59674803122656
-20.600780550914294
-20.604772745405153
-20.6087250179511
-20.61263776777159
-20.606511390093875
-20.61044627619294
-20.61434181343101
-20.6081983952967
-20.612116411343735
-20.6159952472303
-20.609835294757996
-20.603736941810414
-20.597699572392308
-20.591722576668385
-20.595805350901703
-20.589847297392684
-20.593948824418757
-20.59800933617457
-20.602029242812826
-20.596008950384697
-20.60004886088085
-20.604048372272043
-20.598007888549322
-20.59202780966383
-20.596107531567192
-20.59014645625152
-20.584244991689005
-20.588402541772115
-20.592518516354396
-20.596593331190853
-20.600627397878945
-20.604621123900156
-20.608574912661155
-20.612489163534544
-20.5963642718992
-20.60040062918021
-20.60439662288841
-20.588352656659527
-20.58246913009293
-20.586644438792003
-20.590777994404085
-20.584870214460043
-20.589021512315444
-20.59313129719229
-20.597199984220367
-20.601227984378163
-20.60521570453438
-20.609163547489036
-20.573071912014147
-20.577341192894007
-20.581567780965067
-20.575752103155416
-20.579994582123863
-20.584194636302627
-20.5783526899396
-20.582569163040205
-20.576743471409802
-20.580976036695706
-20.58516627632875
-20.57931461356546
-20.583521467429808
-20.57768625275551
-20.581909390227956
-20.566090296325676
-20.56042939336242
-20.564825099428795
-20.56917684843451
-20.573485079950164
-20.56775022915066
-20.572072726859155
-20.576351999590564
-20.58058847959466
-20.574782594798712
-20.559034768850726
-20.56344442116222
-20.5678099769506
-20.552131877181093
-20.54661055840928
-20.551144452825188
-20.555633008296937
-20.560076678213967
-20.564475911431828
-20.56883115231751
-20.573142840794336
-20.56741141238639
-20.56173729826253
-20.566119925279903
-20.570458726027105
-20.574754138766835
-20.569006597379165
-20.573316531405375
-20.57758336609132
-20.58180753243041
-20.585989457106106
-20.590129562535044
-20.574228266909696
-20.5684859842406
-20.572801124398193
-20.547073113154212
-20.551602382022672
-20.536086358202446
-20.53072549462042
-20.535418239674215
-20.540064057277473
-20.534663416704696
-20.52931678253765
-20.53402361471227
-20.53868337856515
-20.543296544779498
-20.537863579331702
-20.542484943538387
-20.537060094103
-20.54168949316197
-20.546272598230352
-20.540809872248047
-20.54540177352557
-20.539947755790312
-20.534548278232407
-20.539202795450084
-20.543810767495582
-20.538372659820627
-20.54298893322242
-20.537559043890194
-20.542183453451294
-20.53676161891678
-20.541394002727614
-20.545980062700337
-20.540520262073333
-20.5451150594526
-20.53966390885807
-20.54426726976949
-20.538824597071795
-20.54343635110108
-20.54800198759007
-20.54252196771417
-20.547096748037028
-20.541625780556657
-20.53620952275109
-20.54084742752358
-20.545438953248347
-20.519984563715862
-20.524784718078706
-20.52953687089792
-20.51424150218894
-20.519099087167053
-20.523908096295383
-20.52866901533243
-20.523382325179103
-20.528148501927312
-20.53286701690804
-20.53753834673896
-20.54216296327157
-20.546741333638852
-20.551273920302464
-20.555761181099438
-20.560203569288444
-20.56460153359556
-20.568955518259607
-20.573265963077013
-20.567533303446243
-20.57185797041178
-20.576139390707663
-20.580377996800586
-20.57457421683258
-20.558828474664256
-20.543240189917615
-20.537807788018437
-20.542429710138254
-20.53700541303687
-20.5416353589065
-20.546219005317436
-20.55075681526426
-20.545249247111617
-20.5297967546405
-20.534498787094098
-20.519153799223158
-20.523962261230928
-20.528722638618618
-20.533435412232432
-20.538101058110108
-20.54272004752901
-20.537292847053717
-20.531919918583178
-20.526600719397344
-20.53133471220337
-20.53602136508134
-20.540661151430527
-20.53525453991622
-20.509901994517058
-20.51480297457189
-20.519654944826172
-20.524458395377913
-20.529213811424135
-20.533921673309894
-20.528582456576796
-20.51329663201103
-20.50816366569092
-20.51308202903401
-20.49795120874367
-20.492971696656234
-20.49804197968967
-20.503061559892775
-20.488030944293847
-20.49315063485091
-20.498219128502402
-20.50323693721738
-20.498204567845207
-20.503222522166755
-20.508190296945088
-20.49310839397564
-20.488177310035883
-20.493295536935527
-20.498362581566173
-20.49337895575051
-20.498445166193008
-20.49346071453108
-20.488526107385766
-20.49364084631191
-20.46870443784879
-20.4740173934703
-20.4792772195356
-20.484484447340243
-20.48963960286684
-20.494743206838173
-20.49979577476979
-20.504797817022094
-20.509749838851874
-20.504652340463355
-20.509605817058723
-20.51450975888814
-20.499364661299257
-20.494371014686262
-20.489427304539397
-20.464533031494003
-20.459887701179063
-20.465288824167274
-20.460635935925602
-20.456029576566344
-20.46146928080068
-20.466854587992675
-20.462186042112748
-20.46756418169162
-20.452888539874706
-20.45835965447596
-20.4437760579312
-20.449338297351886
-20.454844914378366
-20.460296465234585
-20.46569350058224
-20.461036565576418
-20.446426199920655
-20.45196193792145
-20.457442318542235
-20.442867895356812
-20.448439216403244
-20.433954824239212
-20.43961527599682
-20.445219123236853
-20.450766932004484
-20.45625926268444
-20.451696670057597
-20.45717970335702
-20.462607906323452
-20.467981827260218
-20.453302008987617
-20.438768988897742
-20.444381299008764
-20.439937486018675
-20.445538111158488
-20.4410827300469
-20.436671902746433
-20.442305183718968
-20.44788213188178
-20.44340331056296
-20.44896927745733
-20.45447958468276
-20.45993478883593
-20.45533544094757
-20.460782086538096
-20.456174265672715
-20.451612523015985
-20.457096397785826
-20.452525433807967
-20.448000179469886
-20.453520177675188
-20.448984975898433
-20.45449512613945
-20.459950174878056
-20.465350673129276
-20.470697166397983
-20.475990194734003
-20.481230292786663
-20.476417989858795
-20.471653809960205
-20.4669372718606
-20.472267899141997
-20.447545220150577
-20.45306976794907
-20.45853907026958
-20.463953679566885
-20.469314142771218
-20.474621001343507
-20.44987479133007
-20.44537604341677
-20.450922282982603
-20.446413060152775
-20.451948929551246
-20.457429440255734
-20.452855145853174
-20.458326594394645
-20.4537433284507
-20.459205895166193
-20.464613836214532
-20.469967697852386
-20.475268020873862
-20.480515340665125
-20.485710187258473
-20.49085308538589
-20.48594455453203
-20.49108510898671
-20.496174257896843
-20.491212515317873
-20.486300390164693
-20.491437386263048
-20.486523012400415
-20.48165778227641
-20.486841204453647
-20.49197279240911
-20.49705306448502
-20.50208253384017
-20.497061708501768
-20.482091091416752
-20.477270180502583
-20.482497478697557
-20.48767250391058
-20.482795778871473
-20.48796782108276
-20.493088142871933
-20.478157261443215
-20.483375688828783
-20.488541931940496
-20.49365651262109
-20.49871994749488
-20.49373274801993
-20.498795420539732
-20.503807466334337
-20.508769391670995
-20.503681697754285
-20.508644880776743
-20.513558431968974
-20.508422847649282
-20.51333861917279
-20.51820523298106
-20.52302318065125
-20.527792948844738
-20.52251501935629
-20.517289869162727
-20.5021169704711
-20.50709580076639
-20.502024842758725
-20.497004594331138
-20.492034548387824
-20.487114202903946
-20.47224306087491
-20.47752063026616
-20.472745423963495
-20.47801796972386
-20.473237790026623
-20.478505412126356
-20.483720358005094
-20.47888315442504
-20.484094322880793
-20.479253379651983
-20.464460845855463
-20.459816237396907
-20.46521807502294
-20.460565894272708
-20.42596023532998
-20.40170063297668
-20.397683626646913
-20.393706790380442
-20.379769722476638
-20.385972025251874
-20.372112304999355
-20.37839118194936
-20.38460727012987
-20.39076119742857
-20.366853585454283
-20.37318504959974
-20.359453199103744
-20.355858667112706
-20.362300080441578
-20.35867707963716
-20.345090308840792
-20.351639405752383
-20.35812301169486
-20.364541781577913
-20.370896363762135
-20.357187400124516
-20.35361552612327
-20.350079370862037
-20.336578577153418
-20.333212791381882
-20.339880663468065
-20.336481856833384
-20.333117038265048
-20.329785867882396
-20.316488009203574
-20.32332312911154
-20.330089897820425
-20.31678899884222
-20.3136211088538
-20.32048489776526
-20.32728004878761
-20.314007248299735
-20.320867175816737
-20.32765850405857
-20.334381919017982
-20.341038099827802
-20.347627718829525
-20.354151441641232
-20.36060992722482
-20.35700382795257
-20.363433789673046
-20.349799451776317
-20.34630145725855
-20.352838442685968
-20.35931005825911
-20.36571695767652
-20.372059788099754
-20.368339190218755
-20.354655798316568
-20.361109240333402
-20.367498147930068
-20.363823166450764
-20.370184934786256
-20.376483085438394
-20.36271825458401
-20.36909107203817
-20.37540016131779
-20.37164615970461
-20.367929698107563
-20.37425040112649
-20.380507897115223
-20.376702818144068
-20.372935789962625
-20.379206432063
-20.37541436774237
-20.381660224064944
-20.387843621824295
-20.393965185606053
-20.400025533749993
-20.406025278412493
-20.381965025628368
-20.378145375372082
-20.384363921618363
-20.39052028240218
-20.386615079578156
-20.392748928782375
-20.37882143949455
-20.375033225099603
-20.371282892848605
-20.377570063920118
-20.383794363280916
-20.389956419648108
-20.37605685545163
-20.37229628689711
-20.368573324028137
-20.364887590787855
-20.35123871487998
-20.34772632773118
-20.35424906445387
-20.36070657380933
-20.367099508071238
-20.373428512990525
-20.37969422786062
-20.385897285582015
-20.382038312726195
-20.348217929598935
-20.344735750302945
-20.341288392799914
-20.347875508871915
-20.334396753783196
-20.341052786245363
-20.347642258382912
-20.354165835799083
-20.360624177441093
-20.35701793566668
-20.363447756310013
-20.369813278746914
-20.376115145959446
-20.362353994499852
-20.368730454554854
-20.375043150009304
-20.38129271850921
-20.38747979132412
-20.38360499341088
-20.379768943476773
-20.385971254042005
-20.362111541501584
-20.36849042608657
-20.374805521825706
-20.37105746660745
-20.367346891941374
-20.363673423021957
-20.360036688791737
-20.33643632190382
-20.34307195868478
-20.349641239097934
-20.336144826706956
-20.332783378439885
-20.339455544655486
-20.346060989208933
-20.342600379316842
-20.339174375523672
-20.345782631768436
-20.352324805450753
-20.348801557396243
-20.35531354182228
-20.351760406404058
-20.35824280234002
-20.35466037431662
-20.361113770573454
-20.36750263286772
-20.37382760653904
-20.380089330473652
-20.376288437168913
-20.372525552797224
-20.378800297269255
-20.345012294296563
-20.341562171353598
-20.348146549640063
-20.32466508414366
-20.331418433302225
-20.338104248969202
-20.34472320647951
-20.351275974414715
-20.347763214670568
-20.344285582523863
-20.350842726698627
-20.337334299431642
-20.333960956437323
-20.34062134687295
-20.347215133404223
-20.32374298207018
-20.300505552249476
-20.28750049672698
-20.28462549175971
-20.281779236842112
-20.27896144447369
-20.276171830028954
-20.243410111728664
-20.240976010611377
-20.23856625050526
-20.24618058800021
-20.25371878212021
-20.261181594299007
-20.258569778356016
-20.255984080572453
-20.263424239766728
-20.26078999736906
-20.258182097395366
-20.25560027642141
-20.253044273657196
-20.240513830920627
-20.21810869261142
-20.225927605685307
-20.223668329628453
-20.23143164633217
-20.239117329868847
-20.236726156570157
-20.244358895004456
-20.251915306054414
-20.24939615299387
-20.24690219146393
-20.234433169549295
-20.242088837853803
-20.219667949475266
-20.21747126998051
-20.225296557280707
-20.2230435917079
-20.23081315579082
-20.23850502423291
-20.23611997399058
-20.243758774250676
-20.251321186508168
-20.258807974643087
-20.266219894896658
-20.27355769594769
-20.280822118988215
-20.268013897798333
-20.275333758820352
-20.27258042123215
-20.269854617019828
-20.27715607084963
-20.274384510141136
-20.281640665039724
-20.258824258389325
-20.266236015805433
-20.263573655647377
-20.270937919090905
-20.278228539899995
-20.285446254500997
-20.29259179195599
-20.289665874036427
-20.296769215296063
-20.303801523143104
-20.310763507911673
-20.297655872832557
-20.30467931410423
-20.31163252096319
-20.31851619575356
-20.315331033796024
-20.312177723458063
-20.30905594622348
-20.305965386761244
-20.312905732893633
-20.319776675564697
-20.32657890880905
-20.313313119720963
-20.320179988523755
-20.316978188638515
-20.323808406752132
-20.33057032268461
-20.327264619457765
-20.33399197326319
-20.340652053530558
-20.33724553299525
-20.3338730776653
-20.330534346888644
-20.337229003419758
-20.333856713385558
-20.320518146251704
-20.307312964789187
-20.304239835141296
-20.311197436789882
-20.318085462421983
-20.324904607797762
-20.321655561719783
-20.328439006102585
-20.33515461604156
-20.331803069881143
-20.338485039182334
-20.34510018879051
-20.351649186902605
-20.35813269503358
-20.364551368083244
-20.36090585440241
-20.367296795858387
-20.3636238278998
-20.369987589620802
-20.376287713724594
-20.362524836587347
-20.368899588221474
-20.37521059233926
-20.371458486415868
-20.36774390155171
-20.36406646253619
-20.36042579791083
-20.35682153993172
-20.323253324532402
-20.320020791287078
-20.316820583374206
-20.323652377540466
-20.33041585376506
-20.33711169522741
-20.343740578275135
-20.350303172492385
-20.34680014076746
-20.353332139359786
-20.35979881796619
-20.36620082978653
-20.372538821488664
-20.368813433273775
-20.37512529894104
-20.36137404595163
-20.357760305492114
-20.364182702437194
-20.36054087541282
-20.35693546665869
-20.353366111992102
-20.359832450872183
-20.35623412636346
-20.352671785099826
-20.35914506724883
-20.365553616576342
-20.37189808041058
-20.378179099606477
-20.384397308610414
-20.37055333552431
-20.376847802169067
-20.363079324147378
-20.369448530905906
-20.375754045596846
-20.38199650514088
-20.38817654008947
-20.384294774688577
-20.390451826941693
-20.396547308672275
-20.402581835585554
-20.4085560172297
-20.4144704570574
-20.42032575248683
-20.406122494961963
-20.412061270012344
-20.417940657312222
-20.4137612507391
-20.41962363823171
-20.425427401849394
-20.4311731278309
-20.39686139655259
-20.402892782587067
-20.408863854761197
-20.414775216213584
-20.410627464051448
-20.416521189410933
-20.41235597751682
-20.40823241774165
-20.404150093564233
-20.390108592628593
-20.396207506702307
-20.392245431635285
-20.388322977318932
-20.394439747545743
-20.400495350070287
-20.406490396569584
-20.402425492603886
-20.398401237677845
-20.394417225301066
-20.390473053048055
-20.386568322517572
-20.382702639292397
-20.37887561289947
-20.375086856770476
-20.37133598820277
-20.377622628320744
-20.383846402037538
-20.390007938017163
-20.39610785863699
-20.40214678005062
-20.398125312250116
-20.394144059127616
-20.40020261853634
-20.406200592350977
-20.402138586427466
-20.40811720056319
-20.384036028557556
-20.390195668271982
-20.38629371158926
-20.392430774473368
-20.398506466728634
-20.40452140206135
-20.400476188040734
-20.406471426160326
-20.412406711898722
-20.408282644779735
-20.414199818331937
-20.420057820148617
-20.405857241947132
-20.411798669527663
-20.417680682832387
-20.423503876004062
-20.429268837244024
-20.424976148871583
-20.420726387382867
-20.42651912350904
-20.432253932273948
-20.42793139295121
-20.433652079021698
-20.43931555823148
-20.444922402649166
-20.450473178622676
-20.44596844683645
-20.431508762368086
-20.437193674744407
-20.44282173799696
-20.428393520616993
-20.434109585410823
-20.439768489556716
-20.42537080466115
-20.43111709661454
-20.42680592564839
-20.39253786639191
-20.38861248772799
-20.39472636285071
-20.390779099222204
-20.396871308229983
-20.402902595147683
-20.398873569196205
-20.404884833504244
-20.390835985169204
-20.38692762531751
-20.393058349064336
-20.399127765573695
-20.395136487917956
-20.381185123038776
-20.36737327180839
-20.373699539090307
-20.379962543699403
-20.37616291826241
-20.372401289079786
-20.378677276188988
-20.384890503427098
-20.391041598392828
-20.397131182408902
-20.383159870584816
-20.38932827187897
-20.39543498916018
-20.401480639268577
-20.39746583287589
-20.403491174547135
-20.379456262801664
-20.35566170017365
-20.35210508317191
-20.358584032340193
-20.35499819201679
-20.361448210096622
-20.357833727995654
-20.354255390715696
-20.36071283680854
-20.367105708440455
-20.37343465135605
-20.36970030484249
-20.376003301794064
-20.382243268776126
-20.388420836088365
-20.394536627727483
-20.40059126145021
-20.40658534883571
-20.40251949534735
-20.408494300393876
-20.41440935738994
-20.42026526381604
-20.416062611177882
-20.421901985066103
-20.427682965215443
-20.423406135563287
-20.409172074207653
-20.405080353465575
-20.41102954993092
-20.416919254431612
-20.412750061887294
-20.40862256126842
-20.414536335655736
-20.42039097229918
-20.42618706257619
-20.43192519195043
-20.427605940030926
-20.433329880630616
-20.43899658182431
-20.444606616006066
-20.450160549846007
-20.455658944347547
-20.45110235490407
-20.45659133135503
-20.452025418041476
-20.44750516386106
-20.42303011222245
-20.428799811100227
-20.424511812989223
-20.43026669485933
-20.425964027910737
-20.421704387631628
-20.427487343755313
-20.43321247031776
-20.418880345614582
-20.42469154215844
-20.430444626736854
-20.436140180469486
-20.44177877866479
-20.447360990878142
-20.44288738096936
-20.448458507159668
-20.44397392208807
-20.40953418286719
-20.41543884103852
-20.401284452628136
-20.397271608101853
-20.403298892020835
-20.399265903100627
-20.405273244069623
-20.411220511628926
-20.407108306512637
-20.40303722344751
-20.409006851213036
-20.394916782700907
-20.390967614873897
-20.39705793872516
-20.403087359337906
-20.40905648574453
-20.414965920887084
-20.420816261678215
-20.426608099061433
-20.40234201807082
-20.408318597890112
-20.40423541191121
-20.410193057792096
-20.406091127214175
-20.372030215942036
-20.368309913782614
-20.374626814644788
-20.370880546498338
-20.377171741033354
-20.38340002362302
-20.37956602338679
-20.385770363152922
-20.39191265952139
-20.37799353292618
-20.36421359759692
-20.34057146162095
-20.33716574700474
-20.333794089534692
-20.340456148639344
-20.34705158715295
-20.353581071281422
-20.350045260568606
-20.356544807962923
-20.342979359883294
-20.349549566284463
-20.356054070621617
-20.3424935299154
-20.339068594616247
-20.335677908670085
-20.342321129583386
-20.328897918287552
-20.315608939104678
-20.32245284971363
-20.319228321216492
-20.30603603800433
-20.312975677624287
-20.319845920848046
-20.306647461639567
-20.313580987023172
-20.32044517715294
-20.307240725381412
-20.3141683181276
-20.311026634946323
-20.28791636859686
-20.275037204910895
-20.262286832861786
-20.259663964533168
-20.267067324887837
-20.25439665163896
-20.251852685122568
-20.259334158271344
-20.25674081668863
-20.254173408521744
-20.261631674436526
-20.26901535769216
-20.276325204115242
-20.28356195207409
-20.29072633255335
-20.287819069227815
-20.294940878535538
-20.301991469750185
-20.308971555052683
-20.315881839502158
-20.312723021107136
-20.309595790896065
-20.316499832987105
-20.303334834657235
-20.310301486310664
-20.317198471447558
-20.304026486733083
-20.310986221865754
-20.307876359647096
-20.314797596050624
-20.30164962009012
-20.30863312388922
-20.315546792650327
-20.322391324723824
-20.329167411476586
-20.33587573736182
-20.322516979988205
-20.329291810188323
-20.31599889208644
-20.312838903165577
-20.309710514133922
-20.306613408992582
-20.303547274902655
-20.31051180215363
-20.307406684132093
-20.304332617290772
-20.311289291117866
-20.31817639820669
-20.31499463422462
-20.321844687882376
-20.31862624100355
-20.305439978593515
-20.30238557880758
-20.299361723019505
-20.30636810578931
-20.313304424731417
-20.310171380484103
-20.30706966667926
-20.30399897001247
-20.300958980312345
-20.29794939050922
-20.304969896604128
-20.311920197638088
-20.318800995661707
-20.325612985705092
-20.32235685584804
-20.319133287289556
-20.325941954416663
-20.322682534872495
-20.31945570952377
-20.31626115242853
-20.303098540904248
-20.300067555495204
-20.30706687994025
-20.31399621114085
-20.320856249029443
-20.327647686539148
-20.31437120967376
-20.321227497577024
-20.328015222601255
-20.334735070375242
-20.34138771967149
-20.337973842474774
-20.314594104050027
-20.291448163009527
-20.298533681379432
-20.30554834456564
-20.312492861119985
-20.319367932508786
-20.3061742531837
-20.313112510651862
-20.309981385545342
-20.29688157168989
-20.29391275597299
-20.29097362841326
-20.298063892129125
-20.29508325320783
-20.292132420675753
-20.299211096468994
-20.296218985504304
-20.30325679564926
-20.31022422769277
-20.307121985415844
-20.314050765561685
-20.320910257906068
-20.297701155327008
-20.30472414377374
-20.311676902336004
-20.318560133312644
-20.29537453197952
-20.292420786659722
-20.299496578793125
-20.286501613005196
-20.273636596875146
-20.280900230906397
-20.278091228597333
-20.28531031631136
-20.292457213148246
-20.299532641016764
-20.306537314606597
-20.31347194146053
-20.320337222045925
-20.327133849825465
-20.33386251132721
-20.34052388621394
-20.327118647351803
-20.333847460878285
-20.3305089862695
-20.327203896406804
-20.323931857442734
-20.330692538868306
-20.32738561347962
-20.334111757344825
-20.330770639771377
-20.337462933373665
-20.334088304039927
-20.340747420999527
-20.33733994678953
-20.333966547321634
-20.330626881848417
-20.317320613029935
-20.324147406899638
-20.32090593283064
-20.317696873502335
-20.314519904767312
-20.29137470571964
-20.298460958662446
-20.29547634907582
-20.302521585585062
-20.30949636972921
-20.306401406031917
-20.313337391971597
-20.31020401805188
-20.317101977871364
-20.32393095809265
-20.330691648511724
-20.317384732026607
-20.324210884706343
-20.33096877585928
-20.337659088100686
-20.34428249721968
-20.330839672247485
-20.32753127552501
-20.334255962769763
-20.330913403142066
-20.337604269110646
-20.34422822641954
-20.350785944155344
-20.34727808471379
-20.35380530386665
-20.350267250827983
-20.336764578319706
-20.33339693253651
-20.340062963211146
-20.346662333579037
-20.35319571024325
-20.349663753140817
-20.35616711560941
-20.362605444453315
-20.368979390008782
-20.365289596108692
-20.371636700147604
-20.37792033314613
-20.38414112981467
-20.390299718516523
-20.39639672133136
-20.392432754118044
-20.398508426576864
-20.394523342311096
-20.400578108887984
-20.396572327799102
-20.39260660452111
-20.398680538475897
-20.40469373309114
-20.400646795760228
-20.396640327802626
-20.4026739245246
-20.39864718527935
-20.40466071342656
-20.410614106292293
-20.41650796522937
-20.422342885577077
-20.42811945672131
-20.413838262154098
-20.409699879532557
-20.395602880737233
-20.40164685192986
-20.387630383410563
-20.393754079576457
-20.399816538780694
-20.405818373392886
-20.41176018965896
-20.41764258776237
-20.403466161884747
-20.399431500265898
-20.40543718526324
-20.401382813410606
-20.407368985276502
-20.403295295423735
-20.4092623424695
-20.405169719044803
-20.401118021854355
-20.407106841635812
-20.393035773219456
-20.38910541548726
-20.39521436133239
-20.401262217719065
-20.407249595541874
-20.403177099586454
-20.40914532859059
-20.415053875304686
-20.410903336551637
-20.416794303186123
-20.42262636015426
-20.428400096552718
-20.434116095587193
-20.429774934631318
-20.415477185285006
-20.421322413432158
-20.427109189297838
-20.43283809740486
-20.438509716430815
-20.434124619266505
-20.42978337307384
-20.415485539343102
-20.41133068394967
-20.397217377110177
-20.393245203339074
-20.379312751305683
-20.36551962379263
-20.371864427554705
-20.37814578327916
-20.384364325446366
-20.370520682191906
-20.376815475369987
-20.373047320616287
-20.379316847410124
-20.385523678936025
-20.381668442146665
-20.387851757725198
-20.393973240147947
-20.400033507746468
-20.396033172669004
-20.382072840942314
-20.388252112532893
-20.394369591407564
-20.400425895493488
-20.406421636538553
-20.41235742017317
-20.41823384597144
-20.414051507511726
-20.41991099243661
-20.425711882512243
-20.42145476368712
-20.417240216050246
-20.413067813889743
-20.398937135750845
-20.404947764393338
-20.400898286749403
-20.396889303881906
-20.392920410843086
-20.368991206734655
-20.37530129466731
-20.371548281720635
-20.35783279890343
-20.364254470914396
-20.36061192620525
-20.3470058069432
-20.34353574887377
-20.350100391385034
-20.346599387471183
-20.353133393596472
-20.34960205966051
-20.3461060390639
-20.35264497867326
-20.349118528886528
-20.315627343597665
-20.31247107016169
-20.309346359460072
-20.31625289586547
-20.32309036690682
-20.319859463237748
-20.30666086860537
-20.313594259919316
-20.320458317320124
-20.297253734146924
-20.294281196805454
-20.3013383848374
-20.308325000989026
-20.315241750979137
-20.312089333469345
-20.27896844013465
-20.266178755733307
-20.263516968175974
-20.240881798494215
-20.248472980509273
-20.24598825070418
-20.253528368197138
-20.260993084515167
-20.268383153670015
-20.265699322133315
-20.263042328911983
-20.260411905622863
-20.267807786566635
-20.27512970870097
-20.282378411613962
-20.269554627497822
-20.266859081222844
-20.254190490410615
-20.26164858550651
-20.259032099651446
-20.246441778654933
-20.253977360868383
-20.251437587259698
-20.258923211387103
-20.25633397927323
-20.263770639480498
-20.271132933085692
-20.268421603754835
-20.265737387717284
-20.27308001384011
-20.28034921370171
-20.277545721564692
-20.284770264349046
-20.291922561705555
-20.2690033360885
-20.276313302727615
-20.26355016970034
-20.27091466800334
-20.278205521323308
-20.265423466110075
-20.272769231448976
-20.280041539134487
-20.287241123743144
-20.29436871250571
-20.291425025380654
-20.29851077512685
-20.305525667375584
-20.312470410701827
-20.309345706594808
-20.30625224952886
-20.313189727033574
-20.310057829763238
-20.316957251465606
-20.32378767895095
-20.32054980216144
-20.327344304139828
-20.334070861098432
-20.330730152487448
-20.327422850962574
-20.334148622452947
-20.320807136228417
-20.327599064866135
-20.32432307421747
-20.321079843475296
-20.327869045040543
-20.334590354590137
-20.341244451044236
-20.347832006533796
-20.35435368646846
-20.350810149603774
-20.347302048107736
-20.35382902762666
-20.360290737350393
-20.36668782997689
-20.37302095167712
-20.36929074216035
-20.365597834738743
-20.371941856391356
-20.378222437827443
-20.374440213449166
-20.380695811314673
-20.386888853201526
-20.38301996466951
-20.389189765022817
-20.39529786737259
-20.401344888698866
-20.397331439811875
-20.403358125413757
-20.37932454415962
-20.385531298718025
-20.391675985730846
-20.39775922587354
-20.393781633614804
-20.37984381727866
-20.366045379105874
-20.342384925314814
-20.348961076061666
-20.35547146530105
-20.33191675064804
-20.33859758314156
-20.345211607310144
-20.351759491237043
-20.358241896324675
-20.36465947736143
-20.351012882587813
-20.357502753761935
-20.353927726224313
-20.36038844896207
-20.35678456447245
-20.343216718827726
-20.34978455163945
-20.356286706123054
-20.352723839061824
-20.359196600671208
-20.325604634664497
-20.332348588317853
-20.329025102434674
-20.31573485141033
-20.322577502896227
-20.329351727867266
-20.32605821058859
-20.332797628482705
-20.339469652197877
-20.336074955675898
-20.34271420611914
-20.33928706405795
-20.335894193417367
-20.342535251483195
-20.339109898968363
-20.33571879997868
-20.34236161197889
-20.348937995859103
-20.355448615900514
-20.361894129741508
-20.358275188444093
-20.354692436559652
-20.351145512194055
-20.347634057072113
-20.354157716501394
-20.36061613933638
-20.367009977943017
-20.343339878163587
-20.33990647938195
-20.32650741458813
-20.333242340442247
-20.319909917037826
-20.316710817867445
-20.30354370968877
-20.310508272591886
-20.297403189865967
-20.30442915796731
-20.301384866387636
-20.30837101772376
-20.30528730754652
-20.302234434471057
-20.299212090126346
-20.306219969225083
-20.313157769532832
-20.320026191837506
-20.31682592991913
-20.32365767061994
-20.330421093913742
-20.337116882974605
-20.29374571414486
-20.30080825700341
-20.28780017443338
-20.284922172689043
-20.272072950962155
-20.269352221452532
-20.25665869923801
-20.26409211224563
-20.271451191123177
-20.278736679211946
-20.245949312419828
-20.24348981929563
-20.221054921102674
-20.228844371891647
-20.23655592817273
-20.244190368891005
-20.241748465202093
-20.239330980550072
-20.21693767074457
-20.224768294037126
-20.222520611096755
-20.220295404985787
-20.22809245093593
-20.23581152642657
-20.243453411162307
-20.251018877050683
-20.228508688280176
-20.226223601397372
-20.223961365383396
-20.231721751729562
-20.239404534212266
-20.237010488870144
-20.234640383981443
-20.232293980141627
-20.22997104034021
-20.227671329936808
-20.225394616637438
-20.22314067047106
-20.23090926376635
-20.228600171128686
-20.2363141694174
-20.223951027723228
-20.221711517445996
-20.229494402271538
-20.237199458248824
-20.234827463666335
-20.222479189029674
-20.230254397139376
-20.23795185316798
-20.215572334636303
-20.22341661128994
-20.231182445177044
-20.238870620725276
-20.246481914518025
-20.254017095372845
-20.261476924419117
-20.268862155174926
-20.276173533623176
-20.253411798286944
-20.250877680304075
-20.258368903501037
-20.265785214466028
-20.263127362321367
-20.26049608869815
-20.257891127811167
-20.265312216533054
-20.252659094367726
-20.250132503424048
-20.247631178389806
-20.23515486660591
-20.242803317939853
-20.220375284760454
-20.218171531912848
-20.20598981659372
-20.213929918427784
-20.201790619243507
-20.179772713051072
-20.15797498592056
-20.156395236061353
-20.16483128370074
-20.16318297086373
-20.16155114115509
-20.16993562974354
-20.178236273446107
-20.176453910711643
-20.174689371604526
-20.18294247788848
-20.181113053109595
-20.1893019225785
-20.187408903352715
-20.185534814319187
-20.183679466175995
-20.191842671514237
-20.199924244799096
-20.207925002351107
-20.215845752327596
-20.22368729480432
-20.22145042185628
-20.229235917637716
-20.23694355846134
-20.234574122876726
-20.22222838164796
-20.23000609783148
-20.227706036853164
-20.235428976484634
-20.243074686719787
-20.24064393985259
-20.238237500454062
-20.235855125449522
-20.243496574195028
-20.251061608453078
-20.258550992368548
-20.23596548244486
-20.223605827620414
-20.211369769344213
-20.20925607165077
-20.217163510934263
-20.214991875824918
-20.19284195706667
-20.200913537496003
-20.19890440212104
-20.20691535809983
-20.21484620451883
-20.212697742473644
-20.220570765048908
-20.21836505739842
-20.216181406824433
-20.22401959275619
-20.231779396828628
-20.23946160286034
-20.24706698683174
-20.254596316963422
-20.26205035379379
-20.24942985025585
-20.256935551753294
-20.264366196235763
-20.261722534273403
-20.26910530893067
-20.26641425584136
-20.253750113282948
-20.251212612150116
-20.248700486028614
-20.256213481168327
-20.253651346356644
-20.261114832893078
-20.26850368456415
-20.27581864771851
-20.263060461241324
-20.270429856628912
-20.257725558062624
-20.255148302482
-20.26259681945718
-20.26997085126261
-20.247271142749984
-20.234798431322485
-20.24245044700926
-20.23002594253917
-20.22772568311378
-20.22544842628264
-20.22319394201981
-20.220962002599613
-20.218752382573616
-20.206564858747882
-20.214499210160405
-20.2123542180588
-20.21023067587821
-20.20812836911943
-20.216047085428237
-20.223886614573956
-20.231647748428216
-20.229331270943934
-20.227037958234494
-20.22476757865215
-20.222519902865628
-20.23029470383697
-20.227991756798602
-20.225711839230616
-20.23345472083831
-20.241120173629927
-20.248708971893628
-20.24622188217469
-20.243759663352943
-20.241322066719412
-20.22890884605222
-20.2266197575917
-20.234353560015784
-20.242010024415627
-20.22958992417147
-20.227294024929755
-20.21502108468046
-20.21287087383365
-20.210742165095315
-20.18863474344436
-20.19674839600992
-20.20478091204982
-20.202733102929322
-20.21070577190003
-20.20859871418103
-20.21651272703922
-20.194347599768825
-20.20240412377114
-20.200380082533428
-20.178376281708093
-20.176592518891013
-20.164826593702106
-20.173178327765086
-20.181446544487436
-20.18963207904256
-20.197735758252136
-20.205758400669616
-20.21370081666292
-20.221563808496292
-20.22934817041133
-20.237054688707218
-20.234684141820146
-20.242337300401946
-20.249913927397927
-20.227414788123948
-20.235140640242708
-20.23278923384028
-20.240461341501877
-20.24805672808686
-20.25557616080599
-20.26302039919793
-20.250390195205952
-20.237886293253894
-20.245507430321357
-20.243052356018143
-20.24062183245796
-20.23821561413338
-20.24583345799205
-20.25337512341213
-20.26084137217801
-20.25823295845623
-20.26565062887167
-20.242994122582953
-20.250564181357124
-20.248058539543553
-20.25557795414812
-20.26302217460664
-20.270391952860574
-20.25768803333197
-20.255111152998648
-20.262560041468664
-20.269934441053977
-20.277235096643437
-20.284462745677004
-20.281618118220234
-20.28880193703803
-20.29591391766765
-20.292954778490973
-20.300025230706066
-20.307024978399006
-20.313954728615016
-20.310815181328866
-20.317707029515578
-20.284529959220425
-20.29168465962822
-20.28876781303194
-20.27588013490162
-20.273121333552602
-20.280390120217078
-20.277586219014907
-20.28481035682476
-20.281962253256513
-20.259142630723947
-20.256551204416706
-20.26398569237254
-20.271345835448816
-20.25863237709433
-20.256046053323384
-20.23348559279015
-20.24115073686225
-20.248739229493626
-20.246251837198688
-20.2337893188267
-20.231451425638433
-20.209136911382046
-20.197045542268228
-20.195075086845545
-20.16312433597709
-20.16149309261732
-20.159878161691147
-20.168279380074235
-20.176596586273494
-20.17483062041076
-20.17308231420665
-20.17135149106458
-20.179637976153934
-20.187841596392396
-20.17596318042847
-20.184203548624186
-20.182361513137945
-20.190537898006568
-20.198632519026503
-20.20664619383624
-20.214579731897878
-20.2224339345789
-20.220209595233108
-20.218007499280777
-20.20582742428797
-20.20376915004509
-20.21173145854464
-20.219614143959195
-20.2174180025196
-20.215243822494404
-20.22309138426946
-20.220860470426764
-20.228651865722497
-20.226365347065272
-20.22410169359462
-20.211860676658674
-20.209742069892087
-20.207644649193167
-20.205568202701233
-20.21351252067422
-20.22137739546748
-20.219163621512806
-20.226971985297677
-20.224702265444698
-20.212455242790252
-20.210330690362348
-20.218227383458725
-20.22604510962414
-20.1937846585279
-20.201846811942623
-20.209828343823197
-20.217730060384966
-20.225552759781117
-20.223297232183306
-20.22106425986147
-20.228853617262857
-20.23656508109023
-20.234199430279325
-20.231857435976533
-20.229538861616767
-20.2372434730006
-20.244871038270595
-20.242422327887887
-20.24999810460901
-20.23749812356292
-20.24512314232729
-20.25267191090402
-20.26014519179498
-20.24754373987703
-20.25506830247826
-20.26251761945348
-20.249892443258947
-20.247393518826357
-20.254919583638095
-20.242370387801717
-20.2499466839237
-20.24744721708446
-20.254972744913616
-20.26242301746448
-20.249798787289837
-20.25730079941694
-20.244727791422772
-20.232280513508545
-20.21995770837346
-20.187758131289726
-20.18588054997683
-20.18402174447706
-20.19218152703229
-20.200259711761966
-20.208257114644347
-20.2061745434979
-20.204112798062923
-20.212071670082295
-20.199950953381475
-20.187951443847663
-20.196071929409186
-20.194111210115093
-20.182170098013945
-20.180348397033804
-20.188544913063467
-20.196659463932832
-20.204692869293506
-20.21264594060057
-20.210519481194563
-20.218414286382618
-20.226230143518794
-20.21396784208361
-20.221828163662774
-20.229609882026146
-20.227313783205883
-20.235040645373825
-20.242690238920087
-20.230263336530886
-20.227960703165575
-20.22568109613392
-20.223424285172577
-20.21119004232085
-20.199078141897644
-20.207087360478667
-20.215016486873882
-20.222866322005142
-20.22063765878509
-20.218431282197237
-20.226246969375264
-20.23398449968151
-20.231644654684697
-20.239328208137852
-20.246934926056475
-20.24446557679591
-20.232020921027953
-20.239700711817672
-20.247303704699497
-20.254830667652502
-20.252282360975975
-20.23975953736622
-20.24736194199256
-20.254888322572633
-20.252339439346905
-20.249816044953434
-20.2573178845039
-20.264744705658863
-20.262097258602275
-20.259476286016252
-20.26688152315609
-20.25421270792453
-20.261670580845287
-20.259053875036834
-20.256463336286465
-20.2538987029236
-20.251359715894363
-20.25884611873542
-20.256257657548066
-20.263695080972585
-20.26105813016286
-20.25844754886123
-20.22586307337262
-20.22360444263889
-20.2213683982125
-20.229154714230376
-20.22686316708807
-20.22459453541719
-20.23234859006302
-20.22002510416239
-20.227824853120765
-20.21554660458956
-20.223391138543665
-20.21115722715823
-20.199045654886646
-20.19705519833778
-20.1950846463544
-20.203133799890857
-20.201102461891946
-20.199091437273026
-20.197100522900296
-20.195129517671294
-20.17317822249458
-20.181446440269635
-20.179631975866936
-20.167835656108267
-20.166157299547184
-20.17449572655171
-20.182750769286194
-20.180923261593332
-20.1891140289774
-20.197222888687627
-20.20525065980075
-20.20319815320274
-20.201166171670714
-20.189154509954008
-20.18726296485447
-20.195390335205925
-20.203436431853866
-20.211402067535328
-20.209288046859974
-20.207195166391372
-20.21512321472746
-20.182971982580185
-20.191142262754383
-20.19923084012684
-20.207238531725572
-20.21516614640832
-20.213014484944235
-20.210884340094793
-20.218775496693848
-20.22658774172691
-20.234321864309642
-20.241978645666546
-20.24955885920988
-20.25706327061778
-20.254492637911603
-20.251947711532488
-20.259428234417165
-20.25683395207299
-20.26426561255226
-20.261622956426738
-20.249006726862472
-20.23651665959385
-20.24415149299791
-20.24170997806793
-20.23929287828725
-20.246899949504378
-20.234430950009337
-20.242086640509243
-20.23966577410415
-20.23726911636311
-20.234896425199477
-20.24254746094748
-20.240121986338007
-20.24772076647463
-20.245243558809882
-20.252791123221783
-20.250263211989566
-20.24776057986967
-20.235282974070973
-20.242930144330263
-20.24050084288696
-20.23809583445809
-20.23571487611351
-20.223357727352376
-20.231124150078852
-20.238812908578065
-20.246424779492287
-20.253960531697366
-20.261420926380392
-20.26880671711659
-20.276118649945424
-20.27335746344597
-20.28062388881151
-20.277817649923392
-20.28503947342416
-20.282189078689917
-20.289367187903018
-20.296473516023987
-20.293508780863746
-20.28057369305511
-20.28776795612456
-20.274890276563315
-20.27214137379768
-20.279419960059705
-20.27662576045911
-20.28385950285452
-20.281020907825972
-20.278210698747714
-20.275428591760235
-20.27267430584263
-20.279947562784205
-20.287148087156364
-20.2942766062848
-20.291333840221952
-20.278420501819735
-20.275636296801537
-20.282879933833524
-20.26005113449519
-20.26745062315024
-20.274776116918737
-20.272028355749548
-20.259308072192052
-20.26671499147013
-20.264047841555428
-20.251407363139876
-20.258893289508478
-20.266304356613393
-20.25364131304726
-20.251104899916786
-20.25859385091762
-20.256007912408442
-20.25344783328436
-20.250913354951514
-20.248404221401998
-20.255920179187978
-20.2633609773961
-20.25072736762214
-20.23822009394592
-20.22583789300646
-20.233579514076396
-20.23124371893563
-20.238931281746275
-20.246541968928813
-20.244076549239523
-20.23163578374713
-20.23931942590966
-20.246926231650562
-20.254456969334058
-20.231912399640716
-20.22959327564431
-20.237297342887867
-20.234924369458987
-20.232575125764395
-20.220249374506754
-20.228046880761685
-20.225766411954066
-20.233508747834527
-20.23117366035618
-20.208861923752618
-20.216773304515094
-20.224605571469944
-20.222359515755244
-20.210135920597693
-20.208034561391717
-20.205954215777798
-20.20389467362002
-20.211855726883822
-20.219737169614984
-20.227539797918833
-20.235264399939645
-20.24291175594025
-20.250482638380845
-20.257977811997037
-20.255398033877064
-20.262844053538295
-20.27021561300291
-20.27751345687288
-20.274738322304152
-20.281990939081112
-20.2791710296903
-20.286379319393397
-20.283515526199462
-20.29068037093747
-20.287773567228093
-20.294895831555813
-20.291946873240253
-20.29902740450785
-20.306037130462773
-20.302976759158145
-20.299946991566564
-20.286947521650898
-20.29407804643439
-20.271137265970044
-20.258425893310346
-20.25584163437724
-20.263283218033468
-20.270650385853134
-20.2679438819946
-20.275264443174656
-20.28251179874291
-20.28968668075548
-20.276789813947925
-20.284021915808445
-20.291181696650362
-20.288269879683856
-20.29538718088702
-20.29243330907815
-20.27950897598737
-20.256713886227494
-20.24414674736522
-20.25170527989157
-20.239188227092654
-20.24679634482173
-20.25432838137351
-20.261785097559777
-20.259167246584177
-20.266575574118335
-20.26390981837715
-20.26127072019338
-20.268658012991448
-20.275971432861535
-20.28321171853292
-20.290379601347592
-20.277475805334117
-20.274701047280775
-20.271954036807966
-20.279234496439887
-20.256442151475486
-20.263877729960733
-20.261238952661124
-20.258626563134513
-20.256040297503166
-20.253479894528134
-20.26094509558285
-20.248335644627023
-20.255852288180755
-20.253293765298945
-20.240760827645957
-20.2483532193695
-20.2458696871758
-20.223410990304043
-20.221176880401
-20.21896511159699
-20.206775460481023
-20.194707705876212
-20.20276062881745
-20.190733022529276
-20.188825692303983
-20.176937435380943
-20.185168061027134
-20.193316380416864
-20.191383216612692
-20.199469384446566
-20.1974746906021
-20.195499943696078
-20.18354494425912
-20.17170949481653
-20.169992399868363
-20.17829247586968
-20.186509551110984
-20.194644455599875
-20.202698011043875
-20.200671030933435
-20.188664320624103
-20.176777677417864
-20.165009900643685
-20.17335980163725
-20.18162620362088
-20.17980994158467
-20.17801184216882
-20.186231723747134
-20.194369406509665
-20.192425712444567
-20.19050145532012
-20.17859644076692
-20.186810476359252
-20.184942371595657
-20.193092947879702
-20.201162018400904
-20.199150398216894
-20.207158894234727
-20.21508730529238
-20.212936432239452
-20.220807067917058
-20.22859899723789
-20.22631300726551
-20.214049877192856
-20.22190937842093
-20.22969028463672
-20.237393381790355
-20.245019447972453
-20.25256925349273
-20.260043560957804
-20.267443125348226
-20.274768694094746
-20.282021007153798
-20.279200797082257
-20.276408789111432
-20.273644701220316
-20.250908254208113
-20.24839917166603
-20.245915179949368
-20.253456028149873
-20.250921467868373
-20.25841225318969
-20.245828130657795
-20.233369849351217
-20.241036150857706
-20.24862578934913
-20.236139531455642
-20.243778136141085
-20.251340354779675
-20.258826951231878
-20.24623868171956
-20.223776294902365
-20.22153853195334
-20.229323146633806
-20.227029915167467
-20.234759616015793
-20.242412019855635
-20.22998789965708
-20.23768802066051
-20.225311140453908
-20.22305802904937
-20.230827448758877
-20.23851917427129
-20.246133982528576
-20.25367264270329
-20.251135916276255
-20.24862455711349
-20.23613831154236
-20.243776928426936
-20.241339159142665
-20.24892576755124
-20.256436509875726
-20.24387214477697
-20.241433423329198
-20.249019089095906
-20.256528898204948
-20.253963609222897
-20.26142397313067
-20.248809733399362
-20.25632163606537
-20.253758419704713
-20.261220835507668
-20.25860862715259
-20.256022540881062
-20.263462315472253
-20.250827692317532
-20.248319415394356
-20.25583622124041
-20.26327785902801
-20.260645080437726
-20.26803862963335
-20.265358243337015
-20.272704660903646
-20.27997761429461
-20.287177838151663
-20.294306059770147
-20.301362999172447
-20.298349369180723
-20.285365875488917
-20.29251221673403
-20.289587094566688
-20.29669122362102
-20.29372431138481
-20.300787068270964
-20.307779197588253
-20.31470140561237
-20.291554391556247
-20.288638847640684
-20.285752459164275
-20.292894934572633
-20.29996598522691
-20.30696632537464
-20.313896662120893
-20.320757695499683
-20.327550118544686
-20.334274617359238
-20.320931871185646
-20.31772255247379
-20.31454532694905
-20.30139987367956
-20.298385874942763
-20.305402016193337
-20.292347996031406
-20.29942451607109
-20.306430270910383
-20.31336596820128
-20.320232308519266
-20.317029985434072
-20.29385968557973
-20.300921088723932
-20.287911877836695
-20.28503275905833
-20.292182431467747
-20.29926060715307
-20.296268001081536
-20.30330532107072
-20.310272267860014
-20.307169545181413
-20.304097849729597
-20.311056871232303
-20.31794630251998
-20.31476683949478
-20.321619171099833
-20.318402979388832
-20.325218949594944
-20.331966760098997
-20.338647092498007
-20.34526062157303
-20.341808015357298
-20.348389935203727
-20.35490603585169
-20.35135697549317
-20.32784340573824
-20.324564971680857
-20.33131932196405
-20.33800612874441
-20.32462606745697
-20.3213798067824
-20.328166008714575
-20.33488434862743
-20.341535505141156
-20.338120150089743
-20.344738948588848
-20.34129155910296
-20.32787864351193
-20.32459985707681
-20.311353858506042
-20.31824031992098
-20.32505791672177
-20.321807337554553
-20.32858926417901
-20.33530337153722
-20.341950337821846
-20.34853083444363
-20.34504552609919
-20.3315950708382
-20.33827912012982
-20.33489632892852
-20.341547365639233
-20.348131891982842
-20.354650573063015
-20.361104067332384
-20.35749302665906
-20.35391809639247
-20.350378915428543
-20.346875126274256
-20.353406375011513
-20.349872311261397
-20.346373588148783
-20.342909852267294
-20.33948075374462
-20.346085946207175
-20.3426250867451
-20.34919883587765
-20.355706847518874
-20.362149779043687
-20.36852828125325
-20.37484299844072
-20.381094568456312
-20.37728362277175
-20.383510786544033
-20.389675678678593
-20.385778921891806
-20.391921132672888
-20.39800192134616
-20.4040219021327
-20.409981683111376
-20.40588186628026
-20.41182304761746
-20.417704817141285
-20.41352776896987
-20.409392491280173
-20.415298566367373
-20.401145580703698
-20.40713412489666
-20.393062783647697
-20.389132155811218
-20.395240834253105
-20.391288425910574
-20.367375541651466
-20.36370178623495
-20.370064768372604
-20.36636412068888
-20.372700479481992
-20.358973474687172
-20.3553837399403
-20.361829902540897
-20.36821160351549
-20.374529487480338
-20.380784192605535
-20.36697635067948
-20.363306587172683
-20.369673521300957
-20.355976786087947
-20.362417018227067
-20.368792848044798
-20.37510491956435
-20.371353870368704
-20.377640331665017
-20.38386392834837
-20.390025289064887
-20.39612503617424
-20.392163785812496
-20.39824214795437
-20.394259726474825
-20.390317129210075
-20.386413957917974
-20.392549818338793
-20.378624320155406
-20.364838076953852
-20.36118969618431
-20.35757779922247
-20.364002021230245
-20.370362001017945
-20.376658381007765
-20.382891797197686
-20.389062879225712
-20.375172250433454
-20.371420527929118
-20.37770632264983
-20.373929259423328
-20.380189966829096
-20.386388067160805
-20.382524186489196
-20.388698944624306
-20.394811955178064
-20.400863835626282
-20.40685519727002
-20.41278664529732
-20.408658778844345
-20.4045721910559
-20.410526469145342
-20.40642120445389
-20.40235699240935
-20.388333422485257
-20.394450088260406
-20.400505587377804
-20.396500531504024
-20.392535526188983
-20.38861017092709
-20.39472406921782
-20.400776828525643
-20.406769060240386
-20.40270136963798
-20.3986743559416
-20.394687612382185
-20.400740736258363
-20.40673332889578
-20.412665995606822
-20.418539335650756
-20.42435394229425
-20.430110402871307
-20.405809298842595
-20.41175120585417
-20.41763369379563
-20.413457356857673
-20.409322783289095
-20.405229555456202
-20.40117725990164
-20.387165487302624
-20.3932938324296
-20.399360894105303
-20.40536728516425
-20.401313612312606
-20.38730047618948
-20.383427471427584
-20.38959319671331
-20.39569726474618
-20.38174029209872
-20.367922889177734
-20.37424366028596
-20.3805012236831
-20.37669621144627
-20.382929249331806
-20.379099956838488
-20.375308957270104
-20.381555867697404
-20.36774030902043
-20.364062905930226
-20.340422276870925
-20.327018054102215
-20.323747873561192
-20.33051039482558
-20.337205290877325
-20.343833237968553
-20.340394905588866
-20.336990956532976
-20.30362104696765
-20.300584836497972
-20.307578988132992
-20.304503198251663
-20.27145816626915
-20.268743584606455
-20.27605614876039
-20.263295587272786
-20.270662631400057
-20.277956005086057
-20.285176445035198
-20.292324680584848
-20.289401433779
-20.286507419441207
-20.293642345246795
-20.290705921794327
-20.297798862576386
-20.29482087395062
-20.301872665211114
-20.308853938559004
-20.315765399173415
-20.30260774518168
-20.309581667729866
-20.306485851052567
-20.313420992542042
-20.310286782616622
-20.307183914790453
-20.314112075642548
-20.300970954886125
-20.297961245337262
-20.29498163288389
-20.30203181655505
-20.2990114983895
-20.296021383405606
-20.28306116957155
-20.280230557875832
-20.287428252297076
-20.274553969774107
-20.281808430076367
-20.288990345775606
-20.28610044231785
-20.29323943789467
-20.27030704351572
-20.277603973080566
-20.28482793334976
-20.28197965401626
-20.2791598574761
-20.266368258901338
-20.253704576312327
-20.251167530549203
-20.258655855243713
-20.256069296691276
-20.253508603724363
-20.250973517687118
-20.258463782510248
-20.255879144685146
-20.263320353238296
-20.270687149705914
-20.267980278208853
-20.265300475426763
-20.272647470672496
-20.25992099596577
-20.267321786006114
-20.274648568146056
-20.281902082464594
-20.28908306163995
-20.29619223102355
-20.303230308713314
-20.30019800562618
-20.257196025569918
-20.254624065314218
-20.242077824661077
-20.239657046414465
-20.22726047595032
-20.234987871190818
-20.24263799247891
-20.250211612554125
-20.247709496428584
-20.245232401464296
-20.252780077449653
-20.260252276675157
-20.267649753908405
-20.27497325636932
-20.27222352380563
-20.279501288567573
-20.266706275681898
-20.264039212925077
-20.251398820795828
-20.24888483258787
-20.256395984261992
-20.25383202441937
-20.251293704175175
-20.218780767133424
-20.206592959462093
-20.20452702986747
-20.202481759568794
-20.210456941973106
-20.198352372553376
-20.206368848827843
-20.214305160339567
-20.22216210873617
-20.20994048764881
-20.197841082772324
-20.2058626719446
-20.203804045225155
-20.211766004772905
-20.189648344725175
-20.197751861277922
-20.205774342665144
-20.193716599238495
-20.201779433246113
-20.18976163891365
-20.187864022524515
-20.17598538229927
-20.16422552847628
-20.152583273191517
-20.161057440459604
-20.139446866055007
-20.138052397394457
-20.146671873420512
-20.145205154686305
-20.153753103139444
-20.14221557210805
-20.14079341638697
-20.1493854822231
-20.13789162740087
-20.14651271112686
-20.14504758401559
-20.14359710817543
-20.142161137093677
-20.14073952572274
-20.129332130465514
-20.13803880916086
-20.136658421069253
-20.13529183685856
-20.123938918489976
-20.13269952930508
-20.141372534012028
-20.149958808671908
-20.14845922058519
-20.156974628379338
-20.165404882095544
-20.163750833274587
-20.172113324941844
-20.180392191692427
-20.188588269775504
-20.19670238707775
-20.20473536320697
-20.2126880095749
-20.20056112947915
-20.19855551818436
-20.18656996300252
-20.194704263372493
-20.202757220738768
-20.21072964853138
-20.208622352046067
-20.216536128525608
-20.21437076724035
-20.20222705956795
-20.20020478897227
-20.198202741082543
-20.196220713671718
-20.184258506535002
-20.192415921469653
-20.190491762254954
-20.198586844632406
-20.20660097618608
-20.19453496642422
-20.192589616759978
-20.170663720592376
-20.178957083386454
-20.15716751255259
-20.135595837427065
-20.144239879052794
-20.152797480262265
-20.161269505459643
-20.159656810405046
-20.158060242300994
-20.116479639877983
-20.115314843479204
-20.124161695044414
-20.12292007809397
-20.12169087731303
-20.1104739685399
-20.119369228854502
-20.12817553656596
-20.126893781200298
-20.125624843388294
-20.134368594954413
-20.14302490900487
-20.15159465991482
-20.140078713315674
-20.14867792618252
-20.157191146920695
-20.15561923545149
-20.154063043096972
-20.152522412666002
-20.130997188539343
-20.12968721665395
-20.13839034448741
-20.137006441042534
-20.14563637663211
-20.144180012865785
-20.122738212737126
-20.131510830609756
-20.110195722303658
-20.10909376508062
-20.118002827429812
-20.116822799155514
-20.115654571163958
-20.12449802545232
-20.123253045197796
-20.122020514745817
-20.13080030959836
-20.119492306502377
-20.128297383437353
-20.11701440960298
-20.125844265506952
-20.12458582285188
-20.123339964623362
-20.13210656497713
-20.140785499327357
-20.139377644334083
-20.127983867890745
-20.126704029211837
-20.135436988919718
-20.14408261903052
-20.152641792840214
-20.161115374911812
-20.149504221162694
-20.13800917895107
-20.14662908716156
-20.135162796289947
-20.123811168327048
-20.11257305664378
-20.11144732607734
-20.110332852816565
-20.1192295242884
-20.128037229045518
-20.126756856755062
-20.13548928818751
-20.144134395305638
-20.12269305135258
-20.121466120839052
-20.130251459630664
-20.138948945034358
-20.147559455584016
-20.156083861028176
-20.164523022417896
-20.152877792193717
-20.141349014271782
-20.149935524129067
-20.158436168887775
-20.1668518071989
-20.17518328912691
-20.163431456235642
-20.161797141673286
-20.16017917025655
-20.168577378553987
-20.176891604768446
-20.155122688720763
-20.153571461833554
-20.15203574721522
-20.16051538974307
-20.158910235845635
-20.157321133487176
-20.165747922152306
-20.144090442930782
-20.152649538501475
-20.15112304311646
-20.159611812685295
-20.15801569455844
-20.156435537612854
-20.164871182236727
-20.163222470414357
-20.151590245710214
-20.14007434325311
-20.14867359982058
-20.157186863822375
-20.165614995184153
-20.173958845232313
-20.16221925677999
-20.170597064212192
-20.168891093570068
-20.177202182634367
-20.185430160808025
-20.183575859199944
-20.181740100607943
-20.179922699601864
-20.178123472605844
-20.186342237879785
-20.19447881550099
-20.20253402734598
-20.21050868707252
-20.20840360020179
-20.196319564199776
-20.194356368557777
-20.2024128048722
-20.200388676823476
-20.19838479005524
-20.186400942154687
-20.17453693273314
-20.18279156340581
-20.170963647771753
-20.179254011294038
-20.1874614711811
-20.195586856469287
-20.203630987904596
-20.211594678025552
-20.209478731245294
-20.21738394393284
-20.205210104493514
-20.20315800344858
-20.20112642341409
-20.189115159179952
-20.197224007588154
-20.19525176751227
-20.193299249837146
-20.201366257338776
-20.209352594765388
-20.217259068817736
-20.215086478129557
-20.222935613348263
-20.23070625721478
-20.22839919464263
-20.236115202696205
-20.23375405066924
-20.231416510162546
-20.23910234506092
-20.246711321610313
-20.254244208394212
-20.26170176631027
-20.26908474864717
-20.266393901160697
-20.26372996214909
-20.2710926625276
-20.258381735902326
-20.2557979185433
-20.26323993935787
-20.250607539964292
-20.248101464564648
-20.245620449919002
-20.253164245419814
-20.250632602965617
-20.23812627693596
-20.2157450141666
-20.213587564024934
-20.221451688384686
-20.22923717150084
-20.216944799785836
-20.20477535178798
-20.2127275982701
-20.2006003222874
-20.208594319064527
-20.20650837587388
-20.214443292115142
-20.20229885919399
-20.210275870602054
-20.218173111896032
-20.21599138077707
-20.213831466969296
-20.221693152299604
-20.219476220776606
-20.20728145856884
-20.215208643983154
-20.21305655754332
-20.22092599196789
-20.22871673204821
-20.23642956472773
-20.21406526908045
-20.221924616389646
-20.22970537022575
-20.227408316523494
-20.225134233358258
-20.232882891024676
-20.24055406211443
-20.248148521493288
-20.245667036278356
-20.25321036591557
-20.250678262256415
-20.24817147963385
-20.22568976483751
-20.223432867189135
-20.221198538517243
-20.21898655313207
-20.22679668760075
-20.214528720724743
-20.222383433517496
-20.230159599182322
-20.227858003190498
-20.225579423158592
-20.223323628927005
-20.211090392637736
-20.21897948871136
-20.226789693824244
-20.224521796886002
-20.232276578917144
-20.219953813127972
-20.187754274996696
-20.18587673224673
-20.184017964924262
-20.18217778527502
-20.19035600742227
-20.17845244734805
-20.16666792287457
-20.165001243645822
-20.16335123120936
-20.16171771889727
-20.160100541708296
-20.168499536291215
-20.1768145409283
-20.18504639551902
-20.19319593156383
-20.181263972248196
-20.189451332525714
-20.197556819200457
-20.195581251008452
-20.173625438498366
-20.161889184113384
-20.16027029227225
-20.158667589349527
-20.15708091345603
-20.15551010432147
-20.163955003278254
-20.17231545324547
-20.170592298713014
-20.148886375725883
-20.157397511968625
-20.13582353684894
-20.13446530148045
-20.133120648465646
