-21.0
-21.0
-21.0
-21.0
-21.0
-20.99
-20.990099999999998
-20.990199
-20.98029701
-20.9704940399
-20.970789099501
-20.971081208505993
-20.961370396420932
-20.941756692456725
-20.942339125532158
-20.932915734276836
-20.923586576934067
-20.904350711164728
-20.89530720405308
-20.89635413201255
-20.897390590692424
-20.898416684785502
-20.879432517937648
-20.880638192758273
-20.88183181083069
-20.883013492722384
-20.88418335779516
-20.885341524217207
-20.876488108975035
-20.877723227885287
-20.868945995606435
-20.860256535650368
-20.851653970293864
-20.853137430590927
-20.844606056285016
-20.846159995722168
-20.847698395764947
-20.8492214118073
-20.840729197689225
-20.802321905712333
-20.794298686655207
-20.776355699788656
-20.75859214279077
-20.751006221362864
-20.753496159149236
-20.735961197557746
-20.73860158558217
-20.73121556972635
-20.733903414029086
-20.726564379888796
-20.72929873608991
-20.72200574872901
-20.70478569124172
-20.707737834329304
-20.70066045598601
-20.69365385142615
-20.696717312911886
-20.69975013978277
-20.68275263838494
-20.66592511200109
-20.64926586088108
-20.642773202272267
-20.646345470249546
-20.64988201554705
-20.65338319539158
-20.646849363437664
-20.65038086980329
-20.643877061105254
-20.6474382904942
-20.63096390758926
-20.624654268513364
-20.628407725828232
-20.62212364856995
-20.62590241208425
-20.62964338796341
-20.633346954083777
-20.62701348454294
-20.61074334969751
-20.594635916200538
-20.58868955703853
-20.582802661468143
-20.566974634853462
-20.561304888504928
-20.53569183961988
-20.53033492122368
-20.515031572011445
-20.50988125629133
-20.504782443728416
-20.499734619291132
-20.504737273098222
-20.49968990036724
-20.50469300136357
-20.499646071349932
-20.484649610636435
-20.449803114530074
-20.455305083384772
-20.450752032550923
-20.436244512225414
-20.441882067103162
-20.447463246432132
-20.43298861396781
-20.428658727828132
-20.42437214054985
-20.430128419144353
-20.425827134952907
-20.421568863603376
-20.417353174967342
-20.413179643217667
-20.419047846785492
-20.40485736831764
-20.40080879463446
-20.376800706688115
-20.383032699621236
-20.369202372625026
-20.375510348898775
-20.371755245409787
-20.35803769295569
-20.334457316026132
-20.33111274286587
-20.33780161543721
-20.34442359928284
-20.350979363290012
-20.357469569657113
-20.35389487396054
-20.360355925220937
-20.356752365968728
-20.363184842309042
-20.369552993885954
-20.375857463947096
-20.362098889307624
-20.36847790041455
-20.354793121410406
-20.351245190196302
-20.347732738294336
-20.34425541091139
-20.33081285680228
-20.327504728234256
-20.314229680951915
-20.311087384142393
-20.307976510300968
-20.31489674519796
-20.30174777774598
-20.30873029996852
-20.315642996968837
-20.312486566999148
-20.309361701329156
-20.306268084315864
-20.313205403472704
-20.310073349437975
-20.316972615943595
-20.323802889784158
-20.330564860886316
-20.337259212277452
-20.343886620154677
-20.35044775395313
-20.346943276413597
-20.35347384364946
-20.349939105212965
-20.346439714160834
-20.342975317019224
-20.339545563849033
-20.326150108210545
-20.31288860712844
-20.319759721057157
-20.316562123846584
-20.313396502608118
-20.32026253758204
-20.29705991220622
-20.26408931308416
-20.27144841995332
-20.268733935753787
-20.266046596396247
-20.253386130432286
-20.240852269127963
-20.248443746436685
-20.245959308972317
-20.243499715882592
-20.241064718723766
-20.22865407153653
-20.22636753082116
-20.21410385551295
-20.22196281695782
-20.20974318878824
-20.20764575690036
-20.205569299331355
-20.203513606338042
-20.211478470274663
-20.219363685571917
-20.2271700487162
-20.234898348229038
-20.232549364746745
-20.24022387109928
-20.247821632388288
-20.235343416064406
-20.222989981903762
-20.230760082084725
-20.238452481263877
-20.22606795645124
-20.233807276886726
-20.231469204117857
-20.22915451207668
-20.22686296695591
-20.21459433728635
-20.212448393913487
-20.220323909974354
-20.22812067087461
-20.225839464165862
-20.233581069524202
-20.24124525882896
-20.22883280624067
-20.216544478178264
-20.21437903339648
-20.222235243062514
-20.23001289063189
-20.22771276172557
-20.225435634108315
-20.213181277767234
-20.21104946498956
-20.198938970339665
-20.196949580636268
-20.194980084829904
-20.203030283981604
-20.19099998114179
-20.179089981330375
-20.147299081517072
-20.155826090701904
-20.144267829794885
-20.142825151496936
-20.141396899981967
-20.12998293098215
-20.138683101672328
-20.137296270655604
-20.125923307949048
-20.13466407486956
-20.143317434120863
-20.151884259779656
-20.14036541718186
-20.11896176301004
-20.127772145379943
-20.126494423926143
-20.11522947968688
-20.104077184890013
-20.093036413041112
-20.0921060489107
-20.091184988421592
-20.080273138537375
-20.079470407152
-20.07867570308048
-20.077888946049676
-20.057110056589178
-20.056538956023285
-20.055973566463052
-20.045413830798424
-20.044959692490437
-20.054510095565533
-20.04396499460988
-20.053525344663782
-20.062990091217145
-20.06236019030497
-20.071736588401922
-20.0510192225179
-20.050509030292723
-20.060003939989798
-20.0694039005899
-20.078709861584002
-20.087922762968162
-20.08704353533848
-20.096173099985098
-20.095211368985247
-20.104259255295396
-20.093216662742442
-20.08228449611502
-20.06146165115387
-20.05084703464233
-20.050338564295906
-20.039835178652947
-20.039436826866417
-20.039042458597752
-20.048652034011774
-20.048165513671655
-20.03768385853494
-20.03730701994959
-20.046933949750095
-20.056464610252593
-20.055899964150065
-20.045340964508565
-20.04488755486348
-20.054438679314845
-20.0438942925217
-20.053455349596483
-20.062920796100517
-20.062291588139512
-20.041668672258115
-20.031251985535537
-20.03093946568018
-20.04063007102338
-20.030223770313146
-20.039921532610016
-20.019522317283915
-19.999327094111074
-19.989333823169964
-19.999440484938265
-19.99944608008888
-19.989451619287994
-19.989557103095112
-19.959661532064164
-19.930064916743525
-19.910764267576088
-19.92165662490033
-19.912440058651327
-19.913315658064814
-19.864182501484166
-19.865540676469323
-19.87688526970463
-19.878116417007583
-19.86933525283751
-19.840641900309134
-19.84223548130604
-19.82381312649298
-19.82557499522805
-19.827319245275767
-19.819046052823012
-19.810855592294782
-19.802747036371837
-19.804719566008117
-19.806672370348036
-19.798605646644557
-19.780619590178112
-19.78281339427633
-19.79498526033357
-19.79703540773023
-19.799065053652928
-19.8010744031164
-19.783063659085233
-19.755233022494384
-19.74768069226944
-19.750203885346746
-19.74270184649328
-19.705274828028347
-19.70822207974806
-19.701139858950583
-19.714128460361078
-19.72698717575747
-19.709717303999895
-19.712620130959895
-19.7054939296503
-19.708438990353795
-19.72135460045026
-19.714141054445758
-19.7269996439013
-19.73972964746229
-19.73233235098767
-19.73500902747779
-19.717658937203012
-19.710482347830983
-19.713377524352673
-19.70624374910915
-19.689181311618057
-19.682289498501877
-19.685466603516858
-19.67861193748169
-19.681825818106873
-19.695007559925806
-19.70805748432655
-19.710976909483282
-19.713867140388448
-19.716728468984563
-19.679561184294716
-19.65276557245177
-19.666237916727255
-19.659575537559984
-19.652979782184385
-19.646449984362544
-19.64998548451892
-19.66348562967373
-19.646850773376993
-19.640382265643225
-19.623978442986793
-19.617738658556927
-19.611561271971357
-19.625445659251646
-19.61919120265913
-19.63299929063254
-19.636669297726215
-19.640302604748953
-19.64389957870146
-19.627460582914445
-19.6111859770853
-19.625074117314448
-19.628823376141302
-19.632535142379886
-19.62620979095609
-19.61994769304653
-19.633748216116064
-19.647410733954903
-19.65093662661535
-19.6544272603492
-19.657882987745705
-19.67130415786825
-19.654591116289566
-19.66804520512667
-19.681364753075403
-19.654551105544652
-19.648005594489206
-19.631525538544313
-19.61521028315887
-19.59905818032728
-19.59306759852401
-19.577136922538767
-19.55136555331338
-19.54585189778025
-19.500393378802446
-19.50538944501442
-19.470335550564275
-19.475632195058633
-19.49087587310805
-19.48596711437697
-19.4811074432332
-19.476296368800867
-19.481533405112856
-19.486718071061727
-19.49185089035111
-19.496932381447596
-19.50196305763312
-19.516943427056788
-19.51177399278622
-19.50665625285836
-19.521589690329776
-19.506373793426476
-19.49131005549221
-19.49639695493729
-19.491432985387917
-19.46651865553404
-19.4618534689787
-19.457234934288913
-19.462662584946024
-19.468035959096564
-19.4833555995056
-19.468522043510543
-19.473836823075438
-19.459098454844682
-19.474507470296235
-19.479762395593273
-19.48496477163734
-19.490115123920965
-19.485213972681755
-19.500361832954937
-19.495358214625387
-19.510404632479133
-19.515300586154343
-19.5201475802928
-19.534946104489872
-19.549596643444975
-19.544100677010526
-19.55865967024042
-19.573073073538016
-19.557342342802635
-19.55176891937461
-19.546251230180864
-19.550788717879055
-19.535280830700263
-19.53992802239326
-19.554528742169328
-19.568983454747634
-19.573293620200158
-19.577560683998154
-19.591785077158175
-19.585867226386593
-19.560008554122728
-19.5644084685815
-19.53876438389569
-19.513376740056735
-19.47824297265617
-19.463460542929607
-19.45882593750031
-19.45423767812531
-19.459695301344055
-19.465098348330613
-19.470447364847306
-19.465742891198833
-19.461085462286846
-19.466474607663976
-19.471809861587335
-19.467091762971464
-19.46242084534175
-19.457796636888332
-19.43321867051945
-19.398886483814255
-19.394897618976113
-19.38094864278635
-19.367139156358487
-19.383467764794904
-19.399633087146956
-19.395636756275486
-19.411680388712732
-19.397563584825605
-19.39358794897735
-19.379652069487573
-19.385855548792698
-19.39199699330477
-19.38807702337172
-19.374196253138003
-19.38045429060662
-19.386649747700556
-19.37278325022355
-19.349055417721313
-19.3355648635441
-19.322209214908657
-19.32898712275957
-19.335697251531975
-19.332340279016655
-19.34901687622649
-19.345526707464227
-19.352071440389583
-19.338550725985687
-19.34516521872583
-19.33171356653857
-19.348396430873187
-19.344912466564455
-19.361463341898812
-19.347848708479823
-19.334370221395023
-19.30102651918107
-19.31801625398926
-19.334836091449368
-19.321487730534873
-19.308272853229525
-19.315190124697228
-19.31203822345026
-19.318917841215754
-19.285728662803596
-19.27287137617556
-19.270142662413804
-19.26744123578967
-19.264766823431774
-19.282119155197456
-19.259297963645484
-19.266704984009028
-19.26403793416894
-19.27139755482725
-19.24868357927898
-19.25619674348619
-19.23363477605133
-19.231298428290817
-19.19898544400791
-19.20699558956783
-19.21492563367215
-19.212776377335427
-19.230648613562074
-19.218342127426453
-19.226158706152187
-19.243897119090665
-19.251458147899758
-19.26894356642076
-19.286254130756554
-19.26339158944899
-19.2707576735545
-19.238050096818952
-19.235669595850762
-19.233312899892255
-19.210979770893335
-19.208869973184402
-19.216781273452558
-19.194613460718035
-19.172667326110854
-19.190940652849747
-19.199031246321248
-19.177040933858038
-19.15527052451946
-19.173717819274266
-19.181980641081523
-19.170160834670707
-19.158459226324
-19.17687463406076
-19.165105887720152
-19.17345482884295
-19.17172028055452
-19.160003077748975
-19.168403046971484
-19.16671901650177
-19.185051826336753
-19.173201308073384
-19.19146929499265
-19.179554602042725
-19.1777590560223
-19.195981465462076
-19.174021650807457
-19.172281434299386
-19.14055861995639
-19.139153033756827
-19.13776150341926
-19.15638388838507
-19.154820049501218
-19.153271849006206
-19.161739130516143
-19.17012173921098
-19.18842052181887
-19.176536316600682
-19.134770953434675
-19.103423243900327
-19.06238901146132
-19.03176512134671
-19.021447470133243
-19.01123299543191
-19.02112066547759
-19.030909458822812
-19.030600364234584
-19.03029436059224
-19.01999141698632
-19.039791502816456
-19.039393587788293
-19.04899965191041
-19.068509655391306
-19.087824558837394
-19.086946313249022
-19.076076850116532
-19.09531608161537
-19.114362920799216
-19.123219291591223
-19.11198709867531
-19.11086722768856
-19.059758555411673
-19.049160969857557
-19.028669360158982
-19.038382666557393
-19.03799883989182
-19.0376188514929
-19.017242662977974
-18.987070236348195
-18.987199533984715
-18.96732753864487
-18.97765426325842
-18.977877720625838
-18.96809894341958
-18.978417953985385
-18.998633774445533
-19.00864743670108
-18.98856096233407
-18.978675352710727
-18.968888599183618
-18.949199713191785
-18.94970771605987
-18.96021063889927
-18.94060853251028
-18.941202447185177
-18.931790422713323
-18.95247251848619
-18.942947793301325
-18.95351831536831
-18.943983132214626
-18.93454330089248
-18.925197867883554
-18.92594588920472
-18.916686430312673
-18.907519566009547
-18.928444370349453
-18.919159926645957
-18.929968327379495
-18.9206686441057
-18.93146195766464
-18.942147338087995
-18.932725864707116
-18.923398606060044
-18.944164619999444
-18.94472297379945
-18.94527574406146
-18.945822986620843
-18.926364756754637
-18.92710110918709
-18.92783009809522
-18.91855179711427
-18.929366279143125
-18.950072616351694
-18.97057189018818
-18.9608661712863
-18.971257509573434
-18.9615449344777
-18.961929485132924
-18.932310190281594
-18.91298708837878
-18.88385721749499
-18.89501864532004
-18.886068458866838
-18.88720777427817
-18.88833569653539
-18.879452339570033
-18.880657816174335
-18.881851238012594
-18.883032725632468
-18.85420239837614
-18.84566037439238
-18.807203770648456
-18.789131732941975
-18.761240415612555
-18.76362801145643
-18.765991731341867
-18.76833181402845
-18.740648495888166
-18.723242010929287
-18.736009590819993
-18.738649494911794
-18.76126299996268
-18.763650369963052
-18.766013866263425
-18.77835372760079
-18.750570190324783
-18.763064488421534
-18.75543384353732
-18.747879505101945
-18.760400710050924
-18.782796702950414
-18.794968735920907
-18.7770190485617
-18.769248858076082
-18.74155636949532
-18.71414080580037
-18.706999397742365
-18.72992940376494
-18.712630109727293
-18.68550380863002
-18.69864877054372
-18.631662282838285
-18.635345660009904
-18.618992203409807
-18.592802281375707
-18.57687425856195
-18.55110551597633
-18.525594460816567
-18.530338516208403
-18.51503513104632
-18.50988477973586
-18.5047859319385
-18.489738072619115
-18.494840691892925
-18.499892284973996
-18.504893362124257
-18.489844428503016
-18.47494598421799
-18.48019652437581
-18.505394559132053
-18.490340613540734
-18.445437207405327
-18.430982835331275
-18.39667300697796
-18.412706276908178
-18.418579214139097
-18.404393421997707
-18.41034948777773
-18.38624599289995
-18.392383532970953
-18.38845969764124
-18.38457510066483
-18.40072934965818
-18.386722056161602
-18.382854835599986
-18.359026287243985
-18.365436024371547
-18.33178166412783
-18.348463847486553
-18.344979209011687
-18.351529416921572
-18.33801412275236
-18.344633981524836
-18.32118764170959
-18.29797576529249
-18.284996007639567
-18.26214604756317
-18.269524587087542
-18.27682934121667
-18.2740610478045
-18.251320437326456
-18.238807232953192
-18.226419160623664
-18.21415496901743
-18.212013419327253
-18.21989328513398
-18.227694352282644
-18.21541740875982
-18.23326323467222
-18.2209306023255
-18.208721296302244
-18.216634083339223
-18.21446774250583
-18.21232306508077
-18.21019983442996
-18.198097836085662
-18.196116857724803
-18.194155689147554
-18.222214132256077
-18.209991990933517
-18.217892071024185
-18.215713150313942
-18.193556018810803
-18.201620458622696
-18.169604254036468
-18.107908211496103
-18.10682912938114
-18.11576083808733
-18.094603229706458
-18.083657197409394
-18.072820625435302
-18.08209241918095
-18.08127149498914
-18.11045878003925
-18.129354192238857
-18.108060650316467
-18.096980043813303
-18.08601024337517
-18.06515014094142
-18.024498639532005
-17.994253653136685
-18.02431111660532
-18.004068005439265
-18.014027325384873
-17.963887052131025
-17.954248181609717
-17.92470569979362
-17.915458642795684
-17.85630405636773
-17.867741015804054
-17.869063605646012
-17.860372969589555
-17.87176923989366
-17.863051547494724
-17.844421032019778
-17.82597682169958
-17.827717053482584
-17.829439882947757
-17.84114548411828
-17.852734029277098
-17.854206688984327
-17.865664622094485
-17.857007975873543
-17.858437896114808
-17.84985351715366
-17.851354981982123
-17.862841432162302
-17.88421301784068
-17.875370887662275
-17.87661717878565
-17.877851006997794
-17.899072496927815
-17.910081771958538
-17.88098095423895
-17.86217114469656
-17.863549433249595
-17.834913938917097
-17.856564799527927
-17.81799915153265
-17.849819160017326
-17.841320968417154
-17.832907758732983
-17.824578681145656
-17.8063328943342
-17.80826956539086
-17.79018686973695
-17.782285001039583
-17.764462151029186
-17.73681752951889
-17.749449354223703
-17.751954860681465
-17.72443531207465
-17.737190958953907
-17.739819049364367
-17.752420858870725
-17.78489665028202
-17.777047683779198
-17.709277206941405
-17.70218443487199
-17.715162590523274
-17.708010964618044
-17.670930854971864
-17.634221546422147
-17.627879330957928
-17.64160053764835
-17.615184532271865
-17.62903268694915
-17.66274236007966
-17.63611493647886
-17.629753787114076
-17.603456249242935
-17.577421686750505
-17.541647469883
-17.55623099518417
-17.540668685232326
-17.545261998380003
-17.5498093783962
-17.56431128461224
-17.57866817176612
-17.592881490048462
-17.60695267514798
-17.6408831483965
-17.594474316912535
-17.57852957374341
-17.562744278005976
-17.547116835225918
-17.54164566687366
-17.556229210204926
-17.560666918102875
-17.575060248921847
-17.529309646432626
-17.5340165499683
-17.538676384468616
-17.533289620623933
-17.547956724417695
-17.562477157173518
-17.556852385601786
-17.55128386174577
-17.57577102312831
-17.57001331289703
-17.57431317976806
-17.56857004797038
-17.562884347490677
-17.54725550401577
-17.561782948975612
-17.546165119485856
-17.570703468290997
-17.574996433608085
-17.589246469272005
-17.593354004579286
-17.54742046453349
-17.541946259888157
-17.556526797289276
-17.540961529316384
-17.56555191402322
-17.55989639488299
-17.574297430934163
-17.578554456624822
-17.582768912058572
-17.59694122293799
-17.600971810708607
-17.60496209260152
-17.598912471675508
-17.602923346958754
-17.596894113489167
-17.61092517235428
-17.624815920630738
-17.638567761424433
-17.63218208381019
-17.64586026297209
-17.63940166034237
-17.613007643738943
-17.626877567301555
-17.61060879162854
-17.634502703712254
-17.60815767667513
-17.62207609990838
-17.595855338909296
-17.5798967855202
-17.574097817665002
-17.568356839488352
-17.56267327109347
-17.537046538382533
-17.54167607299871
-17.54625931226872
-17.540796719146034
-17.545388751954572
-17.55993486443503
-17.564335515790678
-17.508692160632773
-17.513605239026443
-17.49846918663618
-17.523484494769814
-17.508249649822115
-17.493167153323895
-17.468235481790654
-17.473553126972746
-17.508817595703018
-17.53372941974599
-17.528392125548528
-17.543108204293045
-17.537677122250116
-17.562300351027613
-17.54667734751734
-17.531210574042166
-17.535898468301745
-17.53053948361873
-17.545234088782543
-17.549781747894716
-17.574283930415767
-17.57854109111161
-17.562755680200492
-17.547128123398487
-17.5316568421645
-17.546340273742857
-17.54087687100543
-17.525468102295378
-17.530213421272425
-17.5249112870597
-17.539662174189107
-17.544265552447214
-17.528822896922744
-17.52353466795352
-17.538299321273985
-17.532916328061248
-17.547587164780637
-17.562111293132833
-17.556490180201507
-17.56092527839949
-17.535316025615494
-17.509962865359338
-17.454863236705744
-17.460314604338688
-17.435711458295298
-17.441354343712344
-17.44694080027522
-17.472471392272467
-17.477746678349742
-17.472969211566248
-17.458239519450586
-17.41365712425608
-17.38952055301352
-17.375625347483382
-17.39186909400855
-17.387950403068466
-17.384070899037784
-17.370230190047405
-17.366527888146933
-17.362862609265466
-17.369233983172812
-17.355541643341084
-17.36198622690767
-17.358366364638595
-17.364782700992208
-17.371134873982285
-17.377423525242463
-17.36364928999004
-17.360012797090143
-17.31641266911924
-17.31324854242805
-17.32011605700377
-17.34691489643373
-17.343445747469396
-17.3500112899947
-17.356511177094752
-17.352946065323806
-17.36941660467057
-17.385722438623866
-17.361865214237625
-17.35824656209525
-17.314664096474296
-17.321517455509554
-17.31830228095446
-17.305119258144913
-17.312068065563462
-17.288947384907825
-17.236057911058747
-17.22369733194816
-17.22146035862868
-17.189245755042393
-17.147353297491968
-17.14587976451705
-17.12442096687188
-17.093176757203164
-17.082244989631132
-17.091422539734822
-17.060508314337476
-17.0299032311941
-16.98960419888216
-17.00970815689334
-16.989611075324405
-16.99971496457116
-16.99971781492545
-16.959720636776193
-16.97012343040843
-16.940422196104347
-16.9210179741433
-16.881807794401865
-16.892989716457848
-16.90405981929327
-16.915019221100337
-16.915869028889336
-16.926710338600444
-16.937443235214438
-16.898068802862294
-16.919088114833674
-16.899897233685337
-16.910898261348482
-16.921789278734998
-16.892571385947647
-16.88364567208817
-16.87480921536729
-16.866061123213616
-16.857400511981478
-16.848826506861663
-16.840338241793045
-16.841934859375115
-16.863515510781365
-16.83488035567355
-16.826531552116816
-16.808266236595646
-16.80018357422969
-16.82218173848739
-16.833959921102515
-16.845620321891488
-16.80716411867257
-16.829092477485847
-16.810801552710988
-16.81269353718388
-16.764566601812042
-16.75692093579392
-16.769351726435982
-16.74165820917162
-16.74424162707991
-16.73679921080911
-16.72943121870102
-16.73213690651401
-16.724815537448873
-16.747567382074386
-16.750091708253645
-16.722590791171108
-16.7253648832594
-16.708111234426802
-16.691030122082534
-16.68411982086171
-16.687278622653096
-16.660405836426566
-16.653801778062302
-16.667263760281678
-16.630591122678858
-16.62428521145207
-16.64804235933755
-16.581561935744173
-16.585746316386732
-16.579888853222865
-16.544089964690635
-16.54864906504373
-16.523162574393293
-16.527930948649363
-16.51265163916287
-16.52752512277124
-16.512249871543528
-16.537127372828092
-16.531756099099812
-16.506438538108814
-16.491374152727722
-16.506460411200443
-16.471395807088438
-16.476681849017556
-16.45191503052738
-16.45739588022211
-16.452821921419886
-16.438293702205687
-16.41391076518363
-16.409771657531792
-16.395673940956474
-16.36171720154691
-16.36810002953144
-16.364419029236124
-16.340774838943762
-16.337367090554324
-16.32399341964878
-16.300753485452294
-16.26774595059777
-16.245068491091793
-16.222617806180875
-16.220391628119067
-16.22818771183788
-16.2259058347195
-16.203646776372306
-16.201610308608583
-16.1795942055225
-16.167798263467272
-16.176120280832603
-16.174359078024278
-16.162615487244032
-16.11098933237159
-16.129879439047876
-16.1385806446574
-16.117194838210825
-16.106022889828715
-16.084962660930426
-16.094113034321122
-16.07317190397791
-16.062440184938133
-16.04181578308875
-16.071397625257863
-16.080683649005284
-16.06987681251523
-16.079178044390076
-16.078386263946175
-16.077602401306713
-16.086826377293647
-16.06595811352071
-16.025298532385506
-16.02504554706165
-15.994795091591035
-16.004847140675125
-16.014798669268373
-15.99465068257569
-15.994704175749934
-16.004757133992435
-15.99470956265251
-16.024762467025983
-16.014514842355723
-16.044369693932165
-16.023925996992844
-16.003686737022914
-16.023649869652687
-16.00341337095616
-16.003379237246598
-16.00334544487413
-16.01331199042539
-16.023178870521136
-15.962947081815924
-15.933317610997765
-15.903984434887787
-15.914944590538909
-15.885795144633521
-15.876937193187185
-15.888167821255314
-15.88928614304276
-15.920393281612332
-15.89118934879621
-15.912277455308248
-15.913154680755165
-15.874023133947611
-15.865282902608136
-15.836630073582056
-15.858263772846234
-15.849681135117772
-15.831184323766594
-15.832872480528929
-15.83454375572364
-15.836198318166403
-15.83783633498474
-15.809457971634894
-15.791363391918544
-15.783449757999358
-15.795615260419364
-15.81765910781517
-15.809482516737019
-15.821387691569647
-15.80317381465395
-15.825142076507412
-15.786890655742337
-15.769021749184914
-15.721331531693064
-15.694118216376134
-15.687177034212374
-15.70030526387025
-15.683302211231549
-15.676469189119233
-15.669704497228041
-15.69300745225576
-15.656077377733201
-15.669516603955868
-15.63282143791631
-15.606493223537147
-15.590428291301775
-15.574524008388758
-15.54877876830487
-15.523290980621823
-15.538058070815605
-15.53267749010745
-15.477350715206374
-15.50257720805431
-15.447551435973766
-15.453075921614028
-15.438545162397888
-15.43415971077391
-15.42981811366617
-15.445519932529509
-15.471064733204214
-15.436354085872171
-15.44199054501345
-15.427570639563315
-15.383294933167681
-15.369461983836004
-15.325767363997643
-15.342509690357668
-15.339084593454091
-15.31569374751955
-15.312536810044355
-15.309411441943912
-15.276317327524472
-15.283554154249227
-15.300718612706735
-15.277711426579668
-15.29493431231387
-15.251984969190731
-15.229465119498824
-15.237170468303836
-15.234798763620798
-15.20245077598459
-15.170426268224743
-15.148722005542496
-15.09723478548707
-15.136262437632197
-15.124899813255876
-15.113650815123318
-15.102514306972084
-15.111489163902364
-15.090374272263341
-15.069470529540709
-15.078775824245302
-15.097988066002848
-15.11700818534282
-15.095838103489394
-15.0948797224545
-15.063930925229954
-15.043291615977655
-15.002858699817878
-15.0128301128197
-14.952701811691503
-14.953174793574588
-14.943643045638842
-14.904206615182453
-14.925164549030628
-14.965912903540321
-14.966253774504919
-14.996591236759869
-14.996625324392271
-14.996659071148349
-15.026692480436864
-15.026425555632496
-15.006161300076172
-15.01609968707541
-15.025938690204656
-15.00567930330261
-15.015622510269584
-14.995466285166888
-14.965511622315217
-14.935856506092064
-14.956497941031143
-14.986932961620832
-14.987063632004624
-14.977192995684579
-14.937421065727733
-14.938046855070455
-14.93866638651975
-14.969279722654553
-14.949586925428008
-14.920091056173726
-14.93089014561199
-14.93158124415587
-14.912265431714312
-14.863142777397169
-14.874511349623196
-14.895766236126963
-14.886808573765695
-14.827940488028037
-14.779661083147756
-14.77186447231628
-14.774145827593117
-14.726404369317185
-14.739140325624014
-14.721748922367775
-14.724531433144097
-14.717286118812657
-14.73011325762453
-14.722812125048286
-14.725584003797803
-14.728328163759825
-14.711044882122227
-14.683934433301005
-14.707095088967995
-14.730024138078315
-14.722723896697532
-14.735496657730558
-14.698141691153252
-14.68116027424172
-14.684348671499302
-14.70750518478431
-14.660430132936467
-14.653825831607103
-14.677287573291032
-14.65051469755812
-14.67400955058254
-14.657269455076715
-14.660696760525948
-14.664089792920688
-14.617448894991481
-14.611274406041566
-14.615161661981151
-14.61901004536134
-14.592819944907726
-14.636891745458648
-14.670522828004062
-14.63381759972402
-14.627479423726781
-14.641204629489513
-14.644792583194619
-14.638344657362673
-14.651961210789047
-14.625441598681155
-14.619187182694343
-14.612995310867401
-14.626865357758726
-14.650596704181138
-14.664090737139327
-14.657449829767934
-14.620875331470254
-14.624666578155551
-14.648419912373996
-14.621935713250254
-14.59571635611775
-14.599759192556572
-14.573761600631006
-14.558023984624697
-14.55244374477845
-14.516919307330665
-14.501750114257359
-14.466732613114784
-14.472065286983636
-14.4773446341138
-14.462571187772662
-14.447945475894937
-14.433466021135988
-14.439131360924629
-14.434740047315383
-14.46039264684223
-14.465788720373808
-14.47113083317007
-14.48641952483837
-14.471555329589986
-14.466839776294087
-14.432171378531146
-14.427849664745835
-14.453571168098376
-14.399035456417392
-14.405045101853219
-14.400994650834686
-14.366984704326338
-14.383314857283075
-14.359481708710243
-14.33588689162314
-14.292528022706907
-14.289602742479838
-14.27670671505504
-14.26393964790449
-14.231300251425445
-14.208987248911189
-14.186897376422076
-14.205028402657856
-14.212978118631277
-14.220848337444965
-14.238639854070515
-14.24625345552981
-14.253790920974513
-14.251253011764769
-14.268740481647121
-14.286053076830651
-14.273192546062345
-14.240460620601722
-14.248056014395704
-14.265575454251747
-14.30291969970923
-14.329890502712137
-14.316591597685017
-14.313425681708168
-14.320291424891087
-14.337088510642175
-14.333717625535755
-14.310380449280396
-14.337276644787591
-14.313903878339715
-14.300764839556319
-14.287757191160756
-14.304879619249148
-14.271830823056655
-14.25911251482609
-14.276521389677828
-14.24375617578105
-14.211318614023238
-14.199205427883006
-14.197213373604177
-14.205241239868135
-14.213188827469454
-14.21105693919476
-14.208946369802813
-14.196856906104786
-14.174888337043738
-14.1831394536733
-14.151308059136566
-14.1097949785452
-14.068697028759747
-14.05801005847215
-14.017429957887428
-14.047255658308554
-14.076783101725468
-14.086015270708213
-14.075155118001131
-14.07440356682112
-14.06365953115291
-14.09302293584138
-14.052092706482966
-14.011571779418135
-13.991456061623953
-13.961541501007714
-13.951926085997638
-13.97240682513766
-13.942682756886283
-13.95325592931742
-13.963723370024246
-13.944086136324003
-13.864645274960763
-13.855998822211156
-13.817438833989044
-13.849264445649153
-13.840771801192663
-13.812364083180736
-13.824240442348929
-13.81599803792544
-13.767838057546184
-13.780159676970722
-13.752358080201015
-13.724834499399003
-13.717586154405014
-13.730410292860965
-13.743106189932355
-13.69567512803303
-13.708718376752701
-13.711631192985175
-13.704514881055324
-13.717469732244771
-13.730295034922323
-13.702992084573099
-13.715962163727369
-13.748802542090095
-13.711314516669194
-13.684201371502501
-13.687359357787477
-13.680485764209603
-13.663680906567507
-13.63704409750183
-13.640673656526813
-13.654266919961545
-13.61772425076193
-13.64154700825431
-13.625131538171766
-13.628880222790048
-13.662591420562148
-13.595965506356526
-13.56000585129296
-13.50440579278003
-13.46936173485223
-13.474668117503708
-13.449921436328669
-13.445422221965384
-13.45096799974573
-13.476458319748273
-13.46169373655079
-13.477076799185284
-13.50230603119343
-13.477282970881497
-13.482510141172682
-13.537685039760955
-13.502308189363346
-13.517285107469712
-13.512112256395016
-13.536991133831066
-13.521621222492755
-13.526405010267828
-13.491140960165149
-13.486229550563499
-13.481367255057865
-13.466553582507286
-13.451888046682212
-13.427369166215389
-13.443095474553235
-13.438664519807704
-13.454277874609627
-13.41973509586353
-13.415537744904896
-13.371382367455846
-13.297668543781288
-13.344691858343475
-13.31124493976004
-13.32813249036244
-13.334851165458817
-13.321502653804227
-13.328287627266185
-13.315004750993522
-13.311854703483586
-13.30873615644875
-13.295648794884261
-13.29269230693542
-13.309765383866067
-13.256667730027406
-13.264101052727133
-13.181460042199863
-13.189645441777865
-13.207748987360086
-13.245671497486486
-13.263214782511621
-13.260582634686505
-13.24797680833964
-13.245497040256245
-13.263042069853682
-13.230411649155146
-13.248107532663594
-13.245626457336959
-13.243170192763591
-13.240738490835955
-13.238331105927596
-13.225947794868318
-13.213688316919635
-13.23155143375044
-13.219235919412935
-13.237043560218805
-13.194673124616616
-13.172726393370448
-13.130999129436743
-13.119689138142375
-13.108492246760951
-13.087407324293341
-13.096533251050408
-13.075567918539903
-13.084812239354505
-13.083964116960962
-13.113124475791352
-13.091993231033438
-13.001073298723103
-12.961062565735872
-12.971451940078515
-12.97173742067773
-12.932020046470953
-12.932699846006244
-12.933372847546183
-12.954039119070721
-12.964498727880015
-12.924853740601215
-12.905605203195202
-12.95654915116325
-12.956983659651618
-12.9474138230551
-12.93793968482455
-12.908560287976304
-12.89947468509654
-12.880479938245573
-12.861675138863117
-12.853058387474485
-12.844527803599739
-12.846082525563743
-12.797621700308106
-12.809645483305026
-12.841549028471976
-12.803133538187256
-12.795102202805381
-12.767151180777327
-12.789479668969554
-12.79158487227986
-12.803669023557061
-12.805632333321492
-12.817576009988278
-12.809400249888395
-12.80130624738951
-12.703293184915614
-12.706260253066459
-12.719197650535795
-12.692005674030437
-12.695085617290133
-12.698134761117231
-12.70115341350606
-12.724141879370999
-12.736900460577289
-12.729531455971514
-12.7422361414118
-12.774813779997682
-12.797065642197706
-12.759094985775729
-12.731504035917972
-12.80418899555879
-12.796147105603202
-12.82818563454717
-12.819903778201697
-12.801704740419678
-12.803687693015481
-12.795650816085326
-12.787694307924472
-12.719817364845227
-12.662619191196775
-12.625992999284808
-12.66973306929196
-12.70303573859904
-12.746005381213049
-12.698545327400918
-12.681559874126908
-12.71474427538564
-12.697596832631783
-12.660620864305464
-12.67401465566241
-12.687274509105785
-12.710401764014728
-12.68329774637458
-12.746464768910833
-12.749000121221725
-12.771510120009507
-12.753795018809411
-12.756257068621318
-12.728694497935104
-12.721407552955752
-12.704193477426193
-12.717151542651932
-12.739980027225412
-12.672580226953158
-12.675854424683628
-12.66909588043679
-12.652404921632423
-12.655880872416098
-12.639322063691937
-12.632928843055018
-12.616599554624466
-12.590433559078221
-12.554529223487439
-12.538983931252563
-12.533594091940037
-12.528258151020635
-12.56297556951043
-12.547345813815324
-12.511872355677172
-12.486753632120399
-12.461886095799194
-12.487267234841202
-12.48239456249279
-12.45757061686786
-12.422994910699181
-12.43876496159219
-12.464377311976268
-12.479733538856506
-12.46493620346794
-12.460286841433259
-12.515683973018927
-12.510527133288736
-12.525421861955849
-12.50016764333629
-12.495165966902926
-12.470214307233896
-12.445512164161556
-12.43105704251994
-12.436746472094741
-12.452379007373795
-12.457855217300057
-12.483276665127057
-12.468443898475787
-12.453759459491028
-12.449221864896117
-12.454729646247156
-12.460182349784684
-12.425580526286838
-12.47132472102397
-12.476611473813731
-12.461845359075593
-12.427226905484837
-12.462954636429988
-12.468325090065688
-12.46364183916503
-12.429005420773379
-12.434715366565646
-12.510368212899989
-12.485264530770989
-12.450411885463279
-12.445907766608645
-12.421448688942558
-12.447234202053133
-12.4327618600326
-12.458434241432276
-12.423849899017952
-12.439611400027774
-12.445215286027496
-12.41076313316722
-12.316655501835548
-12.333488946817193
-12.31015405734902
-12.28705251677553
-12.264181991607774
-12.221540171691696
-12.19932476997478
-12.227331522275032
-12.22505820705228
-12.232807624981758
-12.20047954873194
-12.14847475324462
-12.126990005712173
-12.10572010565505
-12.094662904598499
-12.103716275552515
-12.072679112796989
-12.051952321669019
-12.011432798452327
-11.971318470467804
-11.931605285763126
-11.922289232905495
-11.923066340576439
-11.893835677170674
-11.854897320398967
-11.836348347194978
-11.85798486372303
-11.8794050150858
-11.830610964934941
-11.83230485528559
-11.813981806732734
-11.815841988665406
-11.807683568778751
-11.829606733090964
-11.831310665760054
-11.862997559102453
-11.874367583511429
-11.845623907676314
-11.857167668599551
-11.848595991913555
-11.840110031994419
-11.801708931674474
-11.78369184235773
-11.795854923934153
-11.75789637469481
-11.660317410947862
-11.593714236838384
-11.587777094469999
-11.591899323525299
-11.605980330290047
-11.599920526987145
-11.583921321717273
-11.6180821085001
-11.621901287415099
-11.625682274540948
-11.639425451795539
-11.613031197277584
-11.606900885304807
-11.64083187645176
-11.634423557687242
-11.638079322110368
-11.621698528889263
-11.62548154360037
-11.609226728164366
-11.573134460882722
-11.587403116273896
-11.561529085111156
-11.615913794260043
-11.589754656317442
-11.60385710975427
-11.587818538656727
-11.591940353270159
-11.596020949737456
-11.57006074024008
-11.56436013283768
-11.528716531509302
-11.493429366194208
-11.428495072532266
-11.424210121806944
-11.409968020588874
-11.365868340382985
-11.362209656979154
-11.348587560409362
-11.335101684805268
-11.351750667957216
-11.378233161277644
-11.374450829664866
-11.360706321368218
-11.377099258154537
-11.403328265572993
-11.409294982917261
-11.405202033088088
-11.461150012757207
-11.416538512629636
-11.382373127503339
-11.348549396228305
-11.365063902266023
-11.341413263243362
-11.397999130610929
-11.384019139304819
-11.39017894791177
-11.416277158432653
-11.402114386848325
-11.408093242979842
-11.414012310550042
-11.429872187444543
-11.395573465570097
-11.371617730914396
-11.417901553605253
-11.3837225380692
-11.379885312688508
-11.356086459561622
-11.342525594966006
-11.349100339016344
-11.345609335626179
-11.332153242269916
-11.278831709847218
-11.286043392748745
-11.303182958821258
-11.300151129233045
-11.307149617940714
-11.314078121761307
-11.280937340543694
-11.248127967138258
-11.255646687466875
-11.253090220592206
-11.270559318386285
-11.277853725202421
-11.255075187950396
-11.232524436070893
-11.230199191710183
-11.187897199793081
-11.226018227795151
-11.2437580455172
-11.221320465062028
-11.199107260411408
-11.197116187807293
-11.19514502592922
-11.243193575669927
-11.220761639913228
-11.198554023514095
-11.206568483278954
-11.164502798446165
-11.172857770461702
-11.181129192757084
-11.189317900829511
-11.167424721821217
-11.165750474603003
-11.154092969856972
-11.122552040158402
-11.121326519756817
-11.130113254559248
-11.128812122013654
-11.157524000793519
-11.195948760785583
-11.203989273177728
-11.24194938044595
-11.189529886641491
-11.167634587775076
-11.165958241897325
-11.204298659478352
-11.24225567288357
-11.249833116154733
-11.227334784993186
-11.255061437143254
-11.232510822771822
-11.210185714544103
-11.228083857398662
-11.225803018824674
-11.223544988636426
-11.201309538750062
-11.21929644336256
-11.217103478928934
-11.224932444139643
-11.172683119698247
-11.170956288501264
-11.219246725616252
-11.227054258360088
-11.244783715776487
-11.272335878618723
-11.229612519832536
-11.20731639463421
-11.15524323068787
-11.093690798380992
-11.112753890397183
-11.101626351493211
-11.110610087978278
-11.099503987098496
-11.08850894722751
-11.057623857755235
-11.077047619177684
-11.046277142985907
-11.055814371556048
-11.065256227840486
-11.084603665562081
-11.04375762890646
-11.003320052617395
-11.00328685209122
-11.033253983570308
-11.022921443734605
-11.04269222929726
-11.012265307004286
-11.052142653934244
-11.011621227394901
-11.001505015120951
-10.951489964969742
-10.941975065320044
-10.942555314666842
-10.923129761520174
-10.903898463904973
-10.884859479265923
-10.906010884473265
-10.83695077562853
-10.848581267872245
-10.890095455193523
-10.921194500641588
-10.891982555635172
-10.85306273007882
-10.86453210277803
-10.86588678175025
-10.877227913932746
-10.878455634793418
-10.909671078445484
-10.89057436766103
-10.901668623984419
-10.912651937744574
-10.953525418367128
-10.953990164183457
-10.914450262541623
-10.905305759916207
-10.866252702317045
-10.897590175293875
-10.888614273540936
-10.899728130805526
-10.930730849497472
-10.941423541002496
-10.922009305592471
-10.942789212536548
-10.903361320411182
-10.934327707207071
-10.924984430135
-10.935734585833648
-10.936377239975311
-10.937013467575557
-10.957643332899803
-10.938066899570805
-10.918686230575096
-10.929499368269344
-10.90020437458665
-10.891202330840784
-10.882290307532376
-10.87346740445705
-10.84473273041248
-10.866285403108355
-10.817622549077273
-10.829446323586499
-10.821151860350634
-10.782940341747128
-10.825110938329658
-10.826859828946361
-10.848591230656899
-10.850105318350328
-10.831604265166824
-10.853288222515156
-10.874755340290005
-10.876007786887104
-10.867247709018233
-10.82857523192805
-10.74028947960877
-10.72288658481268
-10.675657718964555
-10.688901141774908
-10.672012130357158
-10.655292009053587
-10.628739088963052
-10.662451698073422
-10.635827181092688
-10.589468909281761
-10.603574220188943
-10.597538477987053
-10.591563093207181
-10.595647462275108
-10.619690987652358
-10.653494077775836
-10.716959136998078
-10.749789545628097
-10.762291650171816
-10.744668733670098
-10.717222046333397
-10.660049825870065
-10.633449327611364
-10.62711483433525
-10.620843685991897
-10.584635249131978
-10.548788896640659
-10.523301007674252
-10.55806799759751
-10.582487317621535
-10.556662444445319
-10.551095820000866
-10.565584861800856
-10.579929013182847
-10.584129723051017
-10.628288425820507
-10.622005541562302
-10.61578548614668
-10.619627631285212
-10.61343135497236
-10.617297041422635
-10.631124071008408
-10.584812830298324
-10.57896470199534
-10.553175054975386
-10.517643304425631
-10.542466871381375
-10.567042202667562
-10.501371780640886
-10.516358062834476
-10.491194482206131
-10.51628253738407
-10.531119712010229
-10.495808514890127
-10.530850429741227
-10.525541925443815
-10.510286506189376
-10.535183641127482
-10.549831804716206
-10.554333486669043
-10.588790151802353
-10.57290225028433
-10.557173227781485
-10.56160149550367
-10.585985480548633
-10.640125625743147
-10.603724369485716
-10.59768712579086
-10.60171025453295
-10.58569315198762
-10.549836220467744
-10.584337858263067
-10.588494479680437
-10.612609534883633
-10.646483439534798
-10.62001860513945
-10.583818419088056
-10.577980234897174
-10.542200432548203
-10.556778428222719
-10.541210643940492
-10.535798537501087
-10.530440552126075
-10.535136146604813
-10.469784785138764
-10.475086937287376
-10.490336067914502
-10.535432707235357
-10.500078380163004
-10.505077596361373
-10.510026820397758
-10.49492655219378
-10.529977286671842
-10.534677513805123
-10.529330738667072
-10.504037431280402
-10.528997056967599
-10.533707086397923
-10.548370015533942
-10.532886315378603
-10.567557452224817
-10.59188187770257
-10.555963058925544
-10.540403428336289
-10.514999394052925
-10.529849400112395
-10.54455090611127
-10.489105397050158
-10.514214343079658
-10.489072199648861
-10.484181477652372
-10.449339662875849
-10.46484626624709
-10.440197803584619
-10.45579582554877
-10.421237867293284
-10.447025488620351
-10.422555233734148
-10.398329681396806
-10.414346384582837
-10.37020292073701
-10.366500891529638
-10.352835882614341
-10.339307523788198
-10.345914448550316
-10.342455304064812
-10.319030751024163
-10.285840443513923
-10.242982039078784
-10.320552218687997
-10.347346696501118
-10.313873229536107
-10.320734497240744
-10.327527152268337
-10.284251880745654
-10.291409361938197
-10.298495268318813
-10.285510315635625
-10.242655212479269
-10.220228660354476
-10.23802637375093
-10.20564611001342
-10.223589648913284
-10.171353752424153
-10.18964021489991
-10.147743812750912
-10.176266374623404
-10.17450371087717
-10.152758673768398
-10.181231087030715
-10.209418776160408
-10.167324588398804
-10.185651342514815
-10.173794829089667
-10.202056880798771
-10.180036311990785
-10.118235948870876
-10.177053589382167
-10.165283053488345
-10.173630222953461
-10.171893920723926
-10.130174981516687
-10.138873231701519
-10.097484499384503
-10.116509654390658
-10.10534455784675
-10.124291112268283
-10.1230482011456
-10.181817719134145
-10.219999541942803
-10.177799546523376
-10.136021551058143
-10.124661335547561
-10.093414722192085
-10.082480574970164
-10.021655769220462
-10.061439211528258
-10.090824819412976
-10.059916571218846
-10.079317405506657
-10.07852423145159
-10.077738989137075
-10.096961599245702
-10.065991983253246
-10.115332063420714
-10.104178742786507
-10.143136955358642
-10.101705585805057
-10.090688529947005
-10.129781644647537
-10.13848382820106
-10.11709898991905
-10.08592800001986
-10.075068720019662
-10.094318032819464
-10.04337485249127
-9.99294110396636
-9.983011692926695
-9.973181575997428
-9.993449760237453
-10.03351526263508
-10.00318011000873
-9.953148308908643
-9.953616825819557
-9.924080657561362
-9.95483985098575
-9.94529145247589
-9.925838537951131
-9.926580152571619
-9.947314351045902
-9.957841207535443
-9.938262795460089
-9.948880167505488
-9.939391365830433
-9.88999745217213
-9.901097477650408
-9.892086502873903
-9.893165637845163
-9.854233981466711
-9.855691641652044
-9.827134725235524
-9.808863377983169
-9.790774744203338
-9.742866996761306
-9.735438326793693
-9.728083943525755
-9.720803104090498
-9.743595073049592
-9.776159122319097
-9.758397531095905
-9.770813555784946
-9.723105420227096
-9.695874366024825
-9.738915622364576
-9.691526466140932
-9.654611201479522
-9.678065089464726
-9.631284438570079
-9.684971594184379
-9.628121878242535
-9.611840659460109
-9.605722252865508
-9.599665030336853
-9.633668380033486
-9.677331696233152
-9.70055837927082
-9.683552795478112
-9.666717267523332
-9.690050094848097
-9.733149593899617
-9.68581809796062
-9.638959916981015
-9.612570317811205
-9.616444614633092
-9.640280168486761
-9.643877366801894
-9.607438593133875
-9.611364207202536
-9.665250565130512
-9.628598059479208
-9.652312078884414
-9.69578895809557
-9.708831068514613
-9.731742757829466
-9.74442533025117
-9.726981076948658
-9.719711266179171
-9.732514153517378
-9.725189011982204
-9.717937121862382
-9.720757750643758
-9.723550173137319
-9.756314671405947
-9.738751524691889
-9.74136400944497
-9.74395036935052
-9.736510865657014
-9.719145757000444
-9.71195429943044
-9.664834756436136
-9.658186408871774
-9.641604544783057
-9.665188499335226
-9.648536614341873
-9.692051248198455
-9.70513073571647
-9.698079428359305
-9.691098634075711
-9.694187647734953
-9.667245771257603
-9.620573313545028
-9.654367580409579
-9.667823904605482
-9.631145665559428
-9.584834208903834
-9.558985866814796
-9.573396008146647
-9.57766204806518
-9.611885427584529
-9.595766573308683
-9.629808907575597
-9.603510818499842
-9.617475710314842
-9.571300953211695
-9.555587943679578
-9.550032064242782
-9.524531743600354
-9.479286426164352
-9.51449356190271
-9.489348626283682
-9.504455140020845
-9.449410588620635
-9.464916482734429
-9.490267317907083
-9.505364644728012
-9.540310998280733
-9.564907888297924
-9.579258809414943
-9.623466221320795
-9.647231559107587
-9.610759243516512
-9.584651651081346
-9.588805134570533
-9.562917083224828
-9.54728791239258
-9.531815033268654
-9.516496882935966
-9.511331914106606
-9.506218594965539
-9.521156409015882
-9.535944844925723
-9.580585396476467
-9.584779542511702
-9.578931747086585
-9.53314242961572
-9.517811005319563
-9.472632895266369
-9.497906566313704
-9.572927500650566
-9.59719822564406
-9.551226243387621
-9.545713980953744
-9.510256841144207
-9.525154272732765
-9.529902730005437
-9.554603702705382
-9.569057665678327
-9.543367089021544
-9.497933418131328
-9.472954083950015
-9.488224543110514
-9.483342297679409
-9.448508874702615
-9.454023785955588
-9.489483548096032
-9.484588712615071
-9.48974282548892
-9.524845397234031
-9.54959694326169
-9.574100973829072
-9.558359964090782
-9.542776364449875
-9.577348600805376
-9.50157511479732
-9.486559363649347
-9.501693770012853
-9.506676832312724
-9.531610063989596
-9.5162939633497
-9.521131023716203
-9.555919713479042
-9.480360516344252
-9.46555691118081
-9.490901342069002
-9.475992328648312
-9.451232405361829
-9.46672008130821
-9.462052880495127
-9.477432351690176
-9.462658028173275
-9.428031447891541
-9.453751133412625
-9.4492136220785
-9.464721485857714
-9.520074270999137
-9.524873528289145
-9.519624793006253
-9.564428545076192
-9.52878425962543
-9.483496417029176
-9.488661452858883
-9.453774838330295
-9.459237089946992
-9.484644719047521
-9.489798271857046
-9.514900289138474
-9.539751286247089
-9.514353773384618
-9.509210235650771
-9.514118133294263
-9.518976951961319
-9.503787182441705
-9.478749310617289
-9.473961817511116
-9.469222199336004
-9.504529977342644
-9.509484677569217
-9.424389830793524
-9.40014593248559
-9.396144473160733
-9.342183028429124
-9.378761198144833
-9.394973586163385
-9.34102385030175
-9.297613611798734
-9.324637475680746
-9.351391100923937
-9.347877189914698
-9.37439841801555
-9.370654433835394
-9.386947889497039
-9.383078410602069
-9.359247626496048
-9.405655150231087
-9.411598598728776
-9.467482612741488
-9.442807786614074
-9.488379708747933
-9.483495911660453
-9.528660952543849
-9.47337434301841
-9.488640599588225
-9.503754193592341
-9.518716651656417
-9.593529485139852
-9.557594190288453
-9.552018248385568
-9.536498065901712
-9.571133085242696
-9.585421754390268
-9.549567536846366
-9.554071861477903
-9.548531142863123
-9.513045831434493
-9.517915373120147
-9.512736219388945
-9.517608857195055
-9.482432768623106
-9.447608440936875
-9.433132356527507
-9.428801032962232
-9.39451302263261
-9.450567892406285
-9.456062213482221
-9.4815015913474
-9.506686575433925
-9.521619709679586
-9.536403512582789
-9.531039477456961
-9.55572908268239
-9.530171791855567
-9.504870073937012
-9.49982137319764
-9.504823159465664
-9.479774927871008
-9.484977178592297
-9.480127406806375
-9.47532613273831
-9.450572871410927
-9.446067142696817
-9.451606471269848
-9.46709040655715
-9.412419502491577
-9.42829530746666
-9.414012354391994
-9.349872230848074
-9.306373508539595
-9.323309773454199
-9.290076675719657
-9.257175908962461
-9.274604149872836
-9.251858108374108
-9.269339527290366
-9.286646132017463
-9.313779670697288
-9.330641873990315
-9.307335455250412
-9.354262100697909
-9.42071947969093
-9.456512284894021
-9.44194716204508
-9.377527690424628
-9.373752413520382
-9.390014889385178
-9.396114740491326
-9.452153593086413
-9.517632057155549
-9.542455736583992
-9.567031179218151
-9.54136086742597
-9.55594725875171
-9.530387786164193
-9.565083908302551
-9.599433069219526
-9.653438738527331
-9.646904351142057
-9.650435307630636
-9.603930954554329
-9.637891645008786
-9.621512728558697
-9.65529760127311
-9.62874462526038
-9.592457179007777
-9.576532607217699
-9.560767281145521
-9.555159608334066
-9.519608012250725
-9.534411932128217
-9.569067812806935
-9.543377134678867
-9.567943363332077
-9.552263929698757
-9.566741290401769
-9.611073877497752
-9.594963138722774
-9.569013507335546
-9.513323372262189
-9.478190138539567
-9.513408237154172
-9.55827415478263
-9.532691413234804
-9.537364499102456
-9.511990854111431
-9.526870945570316
-9.541602236114612
-9.566186213753465
-9.56052435161593
-9.55491910809977
-9.539369917018773
-9.523976217848585
-9.5787364556701
-9.572949091113399
-9.547219600202265
-9.601747404200243
-9.59572993015824
-9.619772630856657
-9.58357490454809
-9.597739155502609
-9.581761763947583
-9.525944146308106
-9.540684704845024
-9.545277857796574
-9.499825079218608
-9.534826828426423
-9.53947856014216
-9.554083774540738
-9.54854293679533
-9.553057507427377
-9.537526932353103
-9.542151663029571
-9.516730146399276
-9.501562844935282
-9.516547216485929
-9.511381744321069
-9.526267926877857
-9.50100524760908
-9.525995195132987
-9.550735243181656
-9.575227890749838
-9.519475611842338
-9.494280855723915
-9.469338047166676
-9.45464466669501
-9.43009822002806
-9.43579723782778
-9.421439265449502
-9.417224872795007
-9.413052624067056
-9.458922097826386
-9.464332876848122
-9.47968954807964
-9.494892652598844
-9.479943726072856
-9.495144288812126
-9.510192845924005
-9.495090917464765
-9.540140008290118
-9.574738608207218
-9.558991222125146
-9.553401309903894
-9.537867296804855
-9.562488623836805
-9.586863737598435
-9.58099510022245
-9.535185149220226
-9.489833297728024
-9.534934964750745
-9.559585615103236
-9.473989758952204
-9.449249861362683
-9.404757362749056
-9.360709789121566
-9.35710269123035
-9.353531664318046
-9.379996347674865
-9.426196384198118
-9.471934420356137
-9.437215076152576
-9.37284292539105
-9.419114496137139
-9.414923351175768
-9.41077411766401
-9.35666637648737
-9.393099712722497
-9.419168715595271
-9.37497702843932
-9.351227258154927
-9.357714985573377
-9.324137835717643
-9.350896457360466
-9.357387492786861
-9.273813617858993
-9.261075481680402
-9.238464726863599
-9.236080079594963
-9.263719278799012
-9.241082086011023
-9.258671265150912
-9.246084552499402
-9.283623706974408
-9.300787469904664
-9.277779595205617
-9.315001799253562
-9.291851781261027
-9.318933263448416
-9.365743930813933
-9.352086491505794
-9.338565626590736
-9.355179970324828
-9.371628170621578
-9.347911888915363
-9.374432770026209
-9.360688442325946
-9.367081557902686
-9.40341074232366
-9.429376634900422
-9.385082868551418
-9.411232039865903
-9.447119719467244
-9.422648522272572
-9.398422037049848
-9.40443781667935
-9.380393438512556
-9.38658950412743
-9.342723609086157
-9.309296372995297
-9.286203409265344
-9.28334137517269
-9.260507961420963
-9.257902881806753
-9.245323852988687
-9.2328706144588
-9.260541908314211
-9.277936489231069
-9.245157124338759
-9.27270555309537
-9.279978497564416
-9.277178712588771
-9.224406925462883
-9.242162856208253
-9.279741227646172
-9.256943815369711
-9.264374377216013
-9.241730633443852
-9.279313327109415
-9.29652019383832
-9.303554991899937
-9.280519441980937
-9.237714247561128
-9.245337105085516
-9.242883734034661
-9.240454896694315
-9.258050347727371
-9.235469844250098
-9.193115145807598
-9.181183994349523
-9.209372154406026
-9.217278432861965
-9.205105648533346
-9.203054592048012
-9.221024046127532
-9.248813805666256
-9.246325667609593
-9.233862410933497
-9.251523786824162
-9.229008548955921
-9.266718463466363
-9.284051278831699
-9.331210766043382
-9.347898658382947
-9.344419671799118
-9.370975475081126
-9.367265720330314
-9.38359306312701
-9.38975713249574
-9.385859561170783
-9.312000965559074
-9.328880955903482
-9.295592146344449
-9.282636224881005
-9.309809862632195
-9.306711764005872
-9.343644646365814
-9.340208199902156
-9.316806117903134
-9.313638056724102
-9.370501676156861
-9.396796659395292
-9.39282869280134
-9.338900405873325
-9.34551140181459
-9.382056287796445
-9.378235724918481
-9.384453367669296
-9.340608833992604
-9.337202745652679
-9.343830718196152
-9.31039241101419
-9.307288486904048
-9.374215602035006
-9.250473446014658
-9.207968711554512
-9.245889024438968
-9.21343013419458
-9.221295832852633
-9.219082874524107
-9.216892045778865
-9.214723125321076
-9.232575894067864
-9.210250135127186
-9.178147633775914
-9.216366157438156
-9.224202495863773
-9.221960470905135
-9.209740866196084
-9.257643457534124
-9.205067022958781
-9.143016352729193
-9.181586189201902
-9.169770327309882
-9.198072624036783
-9.166091897796415
-9.23443097881845
-9.232086669030265
-9.259765802339961
-9.217168144316563
-9.244996462873397
-9.232546498244663
-9.240221033262216
-9.257818822929593
-9.265240634700296
-9.272588228353293
-9.23986234606976
-9.237463722609062
-9.195089085382973
-9.193138194529142
-9.18120681258385
-9.169394744458012
-9.207700797013432
-9.195623789043298
-9.173667551152866
-9.171930875641337
-9.130211566884924
-9.148909451216074
-9.107420356703914
-9.106346153136874
-9.145282691605505
-9.11382986468945
-9.092691566042555
-9.17176465038213
-9.180047003878308
-9.198246533839523
-9.206264068501127
-9.224201427816116
-9.201959413537955
-9.239939819402576
-9.19754042120855
-9.225565016996464
-9.2433093668265
-9.240876273158234
-9.218467510426652
-9.226282835322385
-9.23402000696916
-9.221679806899468
-9.249463008830473
-9.246968378742167
-9.254498694954744
-9.261953708005196
-9.289334170925143
-9.286440829215891
-9.303576420923731
-9.340540656714495
-9.35713525014735
-9.333563897645876
-9.330228258669417
-9.316925976082722
-9.313756716321894
-9.340619149158675
-9.337212957667088
-9.303840828090417
-9.230802419809512
-9.218494395611417
-9.246309451655302
-9.253846357138748
-9.261307893567361
-9.198694814631686
-9.17670786648537
-9.164940787820516
-9.203291379942312
-9.18125846614289
-9.18944588148146
-9.147551422666645
-9.11607590843998
-9.13491514935558
-9.073565997862023
-9.062830337883403
-9.062202034504569
-9.071580014159522
-9.050864214017928
-9.030355571877749
-9.03005201615897
-8.949751495997381
-8.940253981037408
-8.930851441227034
-8.931542926814764
-8.942227497546616
-8.902805222571152
-8.893777170345441
-8.794839398641987
-8.796891004655567
-8.768922094609012
-8.751232873662921
-8.713720544926293
-8.73658333947703
-8.759217506082258
-8.731625331021435
-8.70430907771122
-8.737265986934108
-8.749893327064767
-8.752394393794118
-8.784870449856175
-8.727021745357613
-8.699751527904038
-8.672754012624997
-8.676026472498748
-8.659266207773761
-8.612673545696023
-8.646546810239062
-8.620081342136672
-8.613880528715304
-8.607741723428152
-8.61166430619387
-8.585547663131932
-8.599692186500612
-8.593695264635606
-8.56775831198925
-8.562080728869358
-8.546459921580665
-8.53099532236486
-8.585685369141212
-8.589828515449799
-8.573930230295302
-8.53819092799235
-8.472809018712425
-8.458080928525302
-8.463500119240049
-8.458865118047648
-8.46427646686717
-8.449633702198499
-8.425137365176514
-8.47088599152475
-8.516177131609503
-8.511015360293408
-8.555905206690475
-8.57034615462357
-8.544642693077334
-8.589196266146562
-8.573304303485097
-8.637571260450246
-8.701195547845744
-8.744183592367287
-8.716741756443614
-8.729574338879178
-8.712278595490387
-8.685155809535484
-8.718304251440129
-8.721121208925727
-8.783909996836469
-8.826070896868105
-8.827810187899424
-8.859532086020428
-8.880936765160223
-8.89212739750862
-8.893206123533533
-8.844274062298197
-8.825831321675215
-8.797573008458464
-8.75959727837388
-8.752001305590142
-8.714481292534241
-8.697336479608898
-8.71036311481281
-8.72325948366468
-8.776026888828033
-8.798266619939753
-8.720283953740354
-8.61308111420295
-8.676950303060922
-8.710180800030312
-8.713078992030008
-8.725948202109707
-8.718688720088611
-8.721501832887725
-8.694286814558849
-8.63734394641326
-8.660970506949127
-8.654360801879635
-8.667817193860838
-8.72113902192223
-8.723927631703008
-8.696688355385978
-8.65972147183212
-8.643124257113799
-8.67669301454266
-8.689926084397234
-8.69302682355326
-8.686096555317729
-8.709235589764551
-8.672143233866906
-8.685421801528237
-8.688567583512954
-8.701681907677825
-8.674665088601047
-8.737918437715038
-8.680539253337887
-8.673733860804509
-8.626996522196462
-8.650726556974497
-8.654219291404752
-8.617677098490706
-8.631500327505798
-8.64518532423074
-8.638733470988432
-8.692346136278548
-8.745422674915764
-8.757968448166606
-8.75038876368494
-8.742884876048091
-8.71545602728761
-8.748301467014732
-8.790818452344586
-8.78291026782114
-8.725081165142928
-8.657830353491498
-8.681252049956582
-8.694439529457016
-8.677495134162447
-8.650720182820823
-8.694212980992615
-8.667270851182689
