-20.0
-20.0
-19.990000000000002
-20.000100000000003
-20.000099000000002
-20.010098010000004
-20.019997029900004
-20.019797059601004
-20.01959908900499
-20.01940309811494
-20.01920906713379
-19.999016976462453
-19.979026806697828
-19.989236538630852
-19.999344173244545
-19.9793507315121
-19.979557224196977
-19.989761651955007
-19.979864035435458
-19.990065395081103
-20.000164741130295
-20.010163093718994
-20.020061462781804
-20.029860848153987
-20.029562239672448
-20.039266617275725
-20.04887395110297
-20.04838521159194
-20.05790135947602
-20.06732234588126
-20.066649122422444
-20.05598263119822
-20.055422804886238
-20.064868576837377
-20.074219891069003
-20.053477692158314
-20.062942915236732
-20.052313486084365
-20.06179035122352
-20.071172447711287
-20.080460723234175
-20.069656116001834
-20.078959554841816
-20.0881699592934
-20.097288259700466
-20.096315377103462
-20.08535222333243
-20.094498701099106
-20.083553714088115
-20.082718176947232
-20.09189099517776
-20.09097208522598
-20.090062364373722
-20.099161740729986
-20.088170123322687
-20.09728842208946
-20.096315537868563
-20.105352382489876
-20.104298858664976
-20.093255870078327
-20.09232331137754
-20.091400078263764
-20.100486077481126
-20.109481216706314
-20.11838640453925
-20.10720254049386
-20.11613051508892
-20.12496920993803
-20.123719517838648
-20.12248232266026
-20.121257499433657
-20.12004492443932
-20.118844475194926
-20.117656030442976
-20.12647947013855
-20.135214675437165
-20.123862528682796
-20.13262390339597
-20.13129766436201
-20.13998468771839
-20.128584840841206
-20.107298992432796
-20.106226002508468
-20.115163742483382
-20.12401210505855
-20.112771984007967
-20.111644264167886
-20.110527821526205
-20.119422543310943
-20.128228317877834
-20.09694603469906
-20.10597657435207
-20.08491680860855
-20.084067640522463
-20.07322696411724
-20.06249469447607
-20.05186974753131
-20.051351050055995
-20.040837539555437
-20.050429164159883
-20.049924872518282
-20.0594256237931
-20.04883136755517
-20.058343053879618
-20.067759623340823
-20.067082027107414
-20.05641120683634
-20.04584709476798
-20.0353886238203
-20.045034737582096
-20.054584390206276
-20.064038546304214
-20.04339816084117
-20.042964179232758
-20.042534537440428
-20.022109192066022
-20.011888100145363
-20.02176921914391
-20.021551526952468
-20.031336011682942
-20.03102265156611
-20.04071242505045
-20.05030530079995
-20.04980224779195
-20.049304225314028
-20.05881118306089
-20.068223071230282
-20.05754084051798
-20.066965432112802
-20.066295777791673
-20.075632820013755
-20.074876491813615
-20.044127726895482
-20.043686449626527
-20.053249585130263
-20.05271708927896
-20.05218991838617
-20.06166801920231
-20.061051339010284
-20.050440825620182
-20.039936417363982
-20.03953705319034
-20.039141682658435
-20.048750265831853
-20.058262763173534
-20.0676801355418
-20.057003334186383
-20.04643330084452
-20.055968967836076
-20.045409278157717
-20.01495518537614
-20.02480563352238
-20.034557577187158
-20.044212001415286
-20.043769881401133
-20.053332182587123
-20.042798860761252
-20.05237087215364
-20.061847163432105
-20.061228691797783
-20.050616404879808
-20.05011024083101
-20.0496091384227
-20.059113047038473
-20.058521916568086
-20.057936697402404
-20.057357330428378
-20.056783757124094
-20.046215919552854
-20.035753760357327
-20.035396222753754
-20.025042260526217
-20.034791837920956
-20.02444391954175
-20.02419948034633
-20.023957485542866
-20.03371791068744
-20.043380731580566
-20.03294692426476
-20.042617455022114
-20.052191280471895
-20.041669367667176
-20.041252673990503
-20.050840147250597
-20.06033174577809
-20.03972842832031
-20.019331144037107
-20.029137832596735
-20.028846454270766
-20.03855798972806
-20.04817240983078
-20.057690685732474
-20.03711377887515
-20.016742641086395
-20.026575214675532
-20.036309462528777
-20.00594636790349
-19.985886904224454
-19.97602803518221
-19.98626775483039
-19.996405077282088
-19.996441026509267
-20.006476616244175
-19.996411850081735
-20.00644773158092
-20.01638325426511
-20.01621942172246
-20.026057227505238
-20.015796655230186
-20.025638688677887
-20.03538230179111
-20.0250284787732
-20.03477819398547
-20.044430412045617
-20.053986107925162
-20.06344624684591
-20.03281178437745
-20.042483666533677
-20.02205882986834
-20.021838241569654
-20.021619859153958
-20.021403660562417
-20.011189623956792
-20.021077727717223
-20.030866950440053
-20.01055828093565
-20.020452698126295
-20.010248171145033
-20.020145689433583
-20.009944232539247
-20.019844790213856
-20.029646342311718
-20.0393498788886
-20.028956380099714
-20.028666816298717
-20.01838014813573
-20.008196346654373
-20.008114383187827
-20.01803323935595
-20.01785290696239
-20.017674377892764
-20.027497634113836
-19.977222657772696
-19.98745043119497
-19.99757592688302
-20.00760016761419
-20.01752416593805
-19.99734892427867
-20.007375435035883
-20.007301680685522
-20.007228663878667
-19.98715637723988
-19.977284813467485
-19.98751196533281
-19.957636845679485
-19.94806047722269
-19.948579872450463
-19.959094073725957
-19.959503132988697
-19.94990810165881
-19.960409020642224
-19.960804930435803
-19.951196881131445
-19.94168491232013
-19.922268063196928
-19.93304538256496
-19.93371492873931
-19.944377779451916
-19.934934001657396
-19.925584661640823
-19.906328815024413
-19.887265526874167
-19.878392871605428
-19.869608942889375
-19.860912853460484
-19.862303724925876
-19.863680687676617
-19.85504388079985
-19.866493441991853
-19.847828507571933
-19.859350222496214
-19.870756720271253
-19.872049153068538
-19.87332866153785
-19.844595374922473
-19.85614942117325
-19.857587926961514
-19.8590120476919
-19.86042192721498
-19.87181770794283
-19.843099530863405
-19.82466853555477
-19.82642185019922
-19.828157631697227
-19.829876055380254
-19.84157729482645
-19.843161521878184
-19.8347299066594
-19.82638260759281
-19.818118781516883
-19.809937593701715
-19.8018382177647
-19.803819835587053
-19.80578163723118
-19.79772382085887
-19.80974658265028
-19.78164911682378
-19.783832625655542
-19.75599429939899
-19.748434356405
-19.75095001284095
-19.71344051271254
-19.666306107585413
-19.67964304650956
-19.652846616044467
-19.646318149884024
-19.629854968385185
-19.58355641870133
-19.587720854514316
-19.57184364596917
-19.576125209509478
-19.58036395741438
-19.584560317840236
-19.578714714661835
-19.59292756751522
-19.586998291840068
-19.58112830892167
-19.565317025832453
-19.57966385557413
-19.583867217018387
-19.578028544848205
-19.572248259399725
-19.58652577680573
-19.59066051903767
-19.574753913847292
-19.57900637470882
-19.59321631096173
-19.59728414785211
-19.59131130637359
-19.605398193309856
-19.609344211376758
-19.57325076926299
-19.55751826157036
-19.551943078954658
-19.566423648165113
-19.530759411683462
-19.52545181756663
-19.540197299390965
-19.534795326397056
-19.529447373133088
-19.534152899401757
-19.54881137040774
-19.553323256703663
-19.567790024136627
-19.55211212389526
-19.546591002656307
-19.561125092629744
-19.575513841703447
-19.579758703286412
-19.57396111625355
-19.558221505091012
-19.572639290040104
-19.586912897139705
-19.591043768168305
-19.575133330486622
-19.589381997181757
-19.58348817720994
-19.59765329543784
-19.58167676248346
-19.585859994858627
-19.560001394910042
-19.574401380960943
-19.588657367151335
-19.562770793479825
-19.55714308554503
-19.541571654689577
-19.53615593814268
-19.510794378761254
-19.505686434973644
-19.480629570623908
-19.485823274917667
-19.50096504216849
-19.505955391746806
-19.47089583782934
-19.476186879451046
-19.491425010656535
-19.496510760549967
-19.501545652944465
-19.516530196415022
-19.481364894450873
-19.476551245506364
-19.4917857330513
-19.49686787572079
-19.481899196963578
-19.497080204993942
-19.482109402944
-19.48728830891456
-19.472415425825414
-19.45769127156716
-19.47311435885149
-19.468383215262975
-19.483699383110345
-19.498862389279243
-19.49387376538645
-19.488935027732587
-19.49404567745526
-19.48910522068071
-19.484214168473905
-19.469372026789166
-19.454678306521274
-19.46013152345606
-19.465530208221498
-19.480874906139285
-19.47606615707789
-19.471305495507114
-19.446592440552045
-19.462126516146526
-19.46750525098506
-19.46283019847521
-19.478201896490457
-19.473419877525554
-19.4686856787503
-19.4539988219628
-19.46945883374317
-19.464764245405743
-19.470116602951684
-19.455415436922166
-19.460861282552944
-19.476252669727415
-19.451490143030142
-19.46697524159984
-19.472305489183842
-19.467582434292005
-19.472906609949085
-19.468177543849595
-19.4834957684111
-19.49866081072699
-19.47367420261972
-19.468937460593523
-19.474248085987586
-19.46950560512771
-19.474810549076434
-19.48006244358567
-19.465261819149813
-19.480609200958316
-19.475803108948735
-19.481045077859246
-19.486234627080652
-19.461372280809847
-19.45675855800175
-19.432190972421733
-19.447869062697517
-19.463390372070542
-19.468756468349834
-19.464068903666337
-19.479428214629674
-19.484633932483376
-19.449787593158543
-19.435289717226958
-19.43093682005469
-19.446627451854145
-19.4521611773356
-19.437639565562243
-19.43326316990662
-19.418930538207555
-19.41474123282548
-19.420593820497224
-19.37638788229225
-19.322624003469326
-19.32939776343463
-19.306103785800286
-19.283042747942286
-19.300212320462865
-19.297210197258238
-19.304238095285655
-19.3211957143328
-19.31798375718947
-19.284803919617577
-19.281955880421403
-19.25913632161719
-19.27654495840102
-19.27377950881701
-19.27104171372884
-19.258331296591553
-19.225747983625638
-19.23349050378938
-19.201155598751487
-19.219144042763972
-19.226952602336333
-19.20468307631297
-19.182636245549844
-19.16080988309435
-19.149201784263404
-19.14770976642077
-19.136232668756563
-19.154870342068996
-19.143321638648306
-19.141888422261825
-19.130469538039208
-19.119164842658815
-19.117973194232228
-19.126793462289903
-19.145525527667004
-19.144070272390337
-19.152629569666434
-19.14110327396977
-19.12969224123007
-19.12839531881777
-19.12711136562959
-19.145840251973297
-19.134381849453565
-19.15303803095903
-19.171507650649442
-19.159792574142948
-19.13819464840152
-19.096812701917504
-19.11584457489833
-19.134686129149348
-19.143339267857854
-19.141905875179276
-19.140486816427483
-19.13908194826321
-19.15769112878058
-19.146114217492773
-19.154653075317846
-19.173106544564668
-19.17137547911902
-19.18966172432783
-19.187765107084555
-19.18588745601371
-19.184028581453575
-19.142188295639038
-19.150766412682646
-19.14925874855582
-19.15776616107026
-19.15618849945956
-19.134626614464967
-19.143280348320317
-19.161847544837116
-19.120229069388742
-19.139026778694856
-19.117636510907907
-19.11646014579883
-19.115295544340842
-19.124142588897435
-19.14290116300846
-19.131472151378375
-19.14015742986459
-19.128755855565945
-19.127468297010285
-19.13619361404018
-19.11483167789978
-19.11368336112078
-19.112546527509576
-19.13142106223448
-19.150106851612136
-19.148605783096016
-19.147119725265057
-19.155648528012406
-19.144092042732282
-19.14265112230496
-19.111224611081912
-19.090112364971095
-19.109211241321386
-19.108119128908175
-19.077037937619092
-19.066267558242902
-19.07560488266047
-19.064848833833867
-19.08420034549553
-19.083358342040572
-19.082524758620167
-19.091699511033966
-19.100782515923626
-19.079774690764392
-19.008976943856748
-19.01888717441818
-18.998698302673997
-18.99871131964726
-18.998724206450788
-18.998736964386282
-18.98874959474242
-18.988862098794996
-18.988973477807047
-18.999083743028976
-18.999092905598687
-18.9791019765427
-18.989310956777274
-18.989417847209502
-18.96952366873741
-18.949828432050037
-18.93033014772954
-18.89102684625224
-18.91211657778972
-18.902995412011823
-18.913965457891702
-18.924825803312785
-18.90557754527966
-18.89652176982686
-18.877556552128596
-18.87878098660731
-18.879993176741237
-18.881193244973826
-18.86238131252409
-18.86375749939885
-18.865119924404862
-18.876468725160812
-18.827704037909204
-18.819426997530112
-18.84123272755481
-18.842820400279265
-18.844392196276473
-18.855948274313707
-18.84738879157057
-18.828914903654866
-18.850625754618317
-18.852119497072135
-18.863598302101412
-18.824962319080395
-18.78671269588959
-18.788845568930697
-18.77095711324139
-18.75324754210898
-18.77571506668789
-18.777957916021013
-18.780178336860804
-18.792376553492193
-18.794452787957272
-18.7865082600777
-18.788643177476924
-18.780756745702156
-18.752949178245135
-18.775419686462683
-18.777665489598057
-18.799888834702077
-18.801889946355058
-18.80387104689151
-18.76583233642259
-18.768174013058367
-18.750492272927787
-18.73298735019851
-18.735657476696527
-18.74830090192956
-18.760817892910264
-18.75320971398116
-18.77567761684135
-18.777920840672937
-18.780141632266208
-18.782340215943545
-18.80451681378411
-18.81647164564627
-18.788306929189808
-18.79042385989791
-18.78251962129893
-18.764694425085942
-18.787047480835085
-18.779177006026735
-18.771385235966466
-18.7336713836068
-18.736334669770734
-18.708971323073026
-18.691881609842298
-18.684962793743875
-18.678113165806437
-18.65133203414837
-18.664818713806888
-18.64817052666882
-18.631688821402133
-18.63537193318811
-18.64901821385623
-18.602528031717668
-18.56650275140049
-18.540837723886483
-18.535429346647618
-18.54007505318114
-18.52467430264933
-18.50942755962284
-18.534333284026612
-18.53898995118635
-18.553600051674483
-18.528064051157738
-18.51278341064616
-18.477655576539696
-18.4528790207743
-18.43835023056656
-18.403966728260894
-18.419927060978285
-18.425727790368505
-18.43147051246482
-18.457155807340172
-18.462584249266772
-18.477958406774103
-18.483178822706364
-18.5083470344793
-18.523263564134506
-18.528030928493163
-18.512750619208234
-18.50762311301615
-18.492546881885993
-18.477621413067133
-18.482845198936463
-18.5080167469471
-18.532936579477628
-18.517607213682854
-18.462431141546023
-18.417806830130562
-18.413628761829255
-18.42949247421096
-18.42519754946885
-18.450945573974163
-18.47643611823442
-18.501671757052076
-18.496655039481556
-18.51168848908674
-18.496571604195875
-18.471605888153917
-18.436889829272378
-18.442520930979654
-18.44809572166986
-18.45361476445316
-18.449078616808627
-18.46458783064054
-18.479941952334134
-18.485142532810794
-18.450291107482684
-18.415788196407856
-18.421630314443778
-18.42741401129934
-18.443139871186347
-18.41870847247448
-18.444521387749738
-18.43007617387224
-18.40577541213352
-18.391717658012183
-18.367800481432063
-18.38412247661774
-18.380281251851564
-18.35647843933305
-18.37291365493972
-18.36918451839032
-18.375492673206416
-18.371737746474352
-18.378020369009608
-18.374240165319513
-18.40049776366632
-18.416492786029654
-18.432327858169355
-18.44800457958766
-18.423524533791785
-18.40928928845387
-18.40519639556933
-18.41114443161364
-18.4070329872975
-18.41296265742453
-18.418833030850283
-18.43464470054178
-18.440298253536366
-18.425895271001004
-18.441636318290993
-18.407219955108083
-18.413147755557002
-18.37901627800143
-18.345226115221415
-18.3517738540692
-18.288256115528508
-18.275373554373225
-18.242619818829493
-18.220193620641197
-18.247991684434787
-18.23551176759044
-18.22315664991454
-18.230925083415396
-18.22861583258124
-18.20632967425543
-18.234266377512874
-18.211923713737747
-18.18980447660037
-18.177906431834366
-18.15612736751602
-18.16456609384086
-18.192920432902454
-18.200991228573432
-18.158981316287697
-18.147391503124823
-18.145917588093575
-18.15445841221264
-18.122913828090514
-18.11168468980961
-18.120567842911516
-18.0993621644824
-18.08836854283758
-18.077484857409203
-18.07671000883511
-18.085942908746762
-18.085083479659293
-18.0442326448627
-18.06379031841407
-18.09315241522993
-18.082220891077633
-18.07139868216686
-18.07068469534519
-18.07997784839174
-18.089178069907824
-18.078286289208748
-18.04750342631666
-18.01702839205349
-18.026858108132956
-17.996589527051626
-17.98662363178111
-17.9967573954633
-17.98678982150867
-17.986921923293583
-17.997052704060646
-18.00708217702004
-17.98701135524984
-17.997141241697342
-17.967169829280365
-17.94749813098756
-17.978023149677686
-17.998242918180907
-17.978260488999098
-17.96847788410911
-17.998793105268017
-17.98880517421534
-18.018917122473187
-18.048727951248456
-18.04824067173597
-18.037758265018613
-18.057380682368425
-18.066806875544742
-18.056138806789296
-18.065577418721404
-18.05492164453419
-18.04437242808885
-18.06392870380796
-18.06328941676988
-18.072656522602184
-18.101929957376164
-18.110910657802403
-18.09980155122438
-18.108803535712138
-18.077715500355016
-18.076938345351465
-18.05616896189795
-18.05560727227897
-18.03505119955618
-18.044700687560617
-18.00425368068501
-17.99421114387816
-17.984269032439382
-17.924426342114987
-17.91518207869384
-17.906030257906902
-17.916969955327833
-17.907800255774557
-17.918722253216814
-17.949535030684647
-17.9500396803778
-17.960539283574022
-17.990933890738283
-17.9510245518309
-17.931514306312593
-17.96219916324947
-17.932577171616973
-17.963251399900805
-17.933618885901797
-17.92428269704278
-17.905039870072354
-17.87598947137163
-17.87722957665791
-17.84845728089133
-17.83997270808242
-17.8015729810016
-17.793557251191583
-17.775621678679666
-17.77786546189287
-17.80008680727394
-17.8320859392012
-17.803765079809185
-17.785727429011093
-17.78787015472098
-17.80999145317377
-17.79189153864203
-17.80397262325561
-17.775932897023054
-17.788173568052823
-17.790291832372294
-17.77238891404857
-17.794665024908085
-17.806718374659006
-17.778651190912413
-17.740864679003288
-17.743456032213253
-17.72602147189112
-17.74876125717221
-17.78127364460049
-17.783460908154485
-17.75562629907294
-17.728070036082208
-17.740789335721388
-17.753381442364176
-17.775847627940532
-17.778089151661128
-17.790308260144517
-17.79240517754307
-17.80448112576764
-17.77643631450996
-17.78867195136486
-17.760785231851212
-17.7631773795327
-17.725545605737373
-17.72829014968
-17.7310072481832
-17.76369717570137
-17.776060203944358
-17.778299601904912
-17.790516605885863
-17.812611439827002
-17.79448532542873
-17.796540472174442
-17.808575067452697
-17.820489316778172
-17.82228442361039
-17.78406157937429
-17.776220963580545
-17.78845875394474
-17.790574166405293
-17.76266842474124
-17.735041740493827
-17.72769132308889
-17.710414409858004
-17.66331026575942
-17.65667716310183
-17.67011039147081
-17.6534092875561
-17.65687519468054
-17.640306442733735
-17.623903378306398
-17.637664344523337
-17.6112877010781
-17.625174824067322
-17.61892307582665
-17.59273384506838
-17.626806506617697
-17.600538441551517
-17.594533057136005
-17.608587726564647
-17.582501849299
-17.56667683080601
-17.561010062497953
-17.565399961872973
-17.559745962254244
-17.5841485026317
-17.598307017605382
-17.612323947429328
-17.636200707955034
-17.609838700875482
-17.62374031386673
-17.64750291072806
-17.63102788162078
-17.594717602804575
-17.60877042677653
-17.592682722508766
-17.55675589528368
-17.56118833633084
-17.59557645296753
-17.569620688437855
-17.553924481553477
-17.53838523673794
-17.553001384370564
-17.54747137052686
-17.51199665682159
-17.486876690253375
-17.51200792335084
-17.48688784411733
-17.472018965676156
-17.467298776019398
-17.462625788259206
-17.407999530376614
-17.40391953507285
-17.429880339722118
-17.455581536324896
-17.481025720961647
-17.49621546375203
-17.491253309114512
-17.48634077602337
-17.491477368263133
-17.506562594580505
-17.4714969686347
-17.45678199894835
-17.422214178958868
-17.41799203716928
-17.443812116797588
-17.42937399562961
-17.435080255673313
-17.43072945311658
-17.406422158585414
-17.40235793699956
-17.418334357629565
-17.44415101405327
-17.439709503912738
-17.445312408873612
-17.430859284784876
-17.42655069193703
-17.40228518501766
-17.398262333167487
-17.394279709835814
-17.420336912737454
-17.41613354361008
-17.34197220817398
-17.358552486092243
-17.33496696123132
-17.321617291619006
-17.318401118702816
-17.33521710751579
-17.36186493644063
-17.33824628707622
-17.314863824205457
-17.331715185963404
-17.29839803410377
-17.305414053762732
-17.322359913225107
-17.31913631409286
-17.31594495095193
-17.262785501442412
-17.270157646427986
-17.247456069963704
-17.274981509264066
-17.292231694171427
-17.29930937722971
-17.296316283457415
-17.28335312062284
-17.29051958941661
-17.257614393522445
-17.255038249587223
-17.242487867091352
-17.220062988420437
-17.207862358536232
-17.185783734950867
-17.163925897601356
-17.15228663862534
-17.140763772239087
-17.119356134516693
-17.118162573171528
-17.106980947439812
-17.125911137965414
-17.09465202658576
-17.0837055063199
-17.072868451256703
-17.062139766744135
-17.051518369076692
-17.031003185385924
-17.000693153532065
-17.020686221996744
-17.030479359776777
-17.010174566179007
-16.94007282051722
-16.950672092312047
-16.941165371388927
-16.941753717675038
-16.902336180498285
-16.893312818693303
-16.914379690506372
-16.91523589360131
-16.896083534665294
-16.85712269931864
-16.858551472325455
-16.8499659576022
-16.851466298026182
-16.79295163504592
-16.77502211869546
-16.737271897508506
-16.759899178533423
-16.77230018674809
-16.77457718488061
-16.786831413031802
-16.808963098901486
-16.830873467912472
-16.832564733233347
-16.854239085901014
-16.875696695042006
-16.87693972809159
-16.878170330810676
-16.88938862750257
-16.900494741227543
-16.871489793815268
-16.892774895877118
-16.903847146918345
-16.894808675449163
-16.885860588694673
-16.907001982807728
-16.927931962979653
-16.928652643349857
-16.92936611691636
-16.920072455747196
-16.88087173118972
-16.902063013877825
-16.893042383739047
-16.894111959901657
-16.885170840302642
-16.896319131899617
-16.88735594058062
-16.888482381174814
-16.889597557363068
-16.91070158178944
-16.911594565971548
-16.94247862031183
-16.95305383410871
-16.943523295767623
-16.974088062809944
-16.944347182181843
-16.944903710360027
-16.925454673256425
-16.926200126523863
-16.946938125258626
-16.94746874400604
-16.92799405656598
-16.90871411600032
-16.859626974840317
-16.851030705091915
-16.872520398040997
-16.883795194060585
-16.89495724211998
-16.886007669698778
-16.86714759300179
-16.89847611707177
-16.899491355901052
-16.89049644234204
-16.87159147791862
-16.85287556313943
-16.814346807508034
-16.816203339432956
-16.798041306038623
-16.780060892978234
-16.792260284048453
-16.80433768120797
-16.82629430439589
-16.78803136135193
-16.81015104773841
-16.832049537261028
-16.833729041888418
-16.855391751469536
-16.83683783395484
-16.86846945561529
-16.88978476105914
-16.84088691344855
-16.862478044314066
-16.863853263870926
-16.855214731232216
-16.876662583919895
-16.867895958080695
-16.849216998499887
-16.84072482851489
-16.82231758022974
-16.804094404427442
-16.786053460383165
-16.788192925779335
-16.820310996521542
-16.822107886556328
-16.803886807690763
-16.775847939613854
-16.798089460217717
-16.74010856561554
-16.722707479959382
-16.705480405159786
-16.678425601108188
-16.671641345097107
-16.664924931646137
-16.638275682329677
-16.641892925506383
-16.645473996251322
-16.64901925628881
-16.60252906372592
-16.586503773088662
-16.540638735357778
-16.5052323480042
-16.500180024524155
-16.535178224278912
-16.51982644203612
-16.47462817761576
-16.489881895839602
-16.49498307688121
-16.500033246112398
-16.485032913651274
-16.490182584514763
-16.525280758669613
-16.530027951082918
-16.514727671572086
-16.509580394856364
-16.5344845909078
-16.529139744998723
-16.513848347548734
-16.508709864073246
-16.513622765432515
-16.52848653777819
-16.55320167240041
-16.537669655676403
-16.44229295911964
-16.417870029528444
-16.42369132923316
-16.429454415940832
-16.425159871781425
-16.38090827306361
-16.387099190332975
-16.353228198429644
-16.37969591644535
-16.325898957280895
-16.352639967708086
-16.349113568031004
-16.385622432350694
-16.371766208027186
-16.398048545946914
-16.394068060487445
-16.400127379882573
-16.37612610608375
-16.382364845022913
-16.408541196572685
-16.324455784606958
-16.35121122676089
-16.33769911449328
-16.34432212334835
-16.330878902114865
-16.347570113093717
-16.34409441196278
-16.34065346784315
-16.34724693316472
-16.353774463833073
-16.380236719194745
-16.376434352002796
-16.40267000848277
-16.44864330839794
-16.43415687531396
-16.44981530656082
-16.455317153495212
-16.42076398196026
-16.456556342140658
-16.461990778719255
-16.447370870932062
-16.41289716222274
-16.398768190600514
-16.36478050869451
-16.35113270360756
-16.337621376571484
-16.354245162805768
-16.360702711177712
-16.377095684065935
-16.363324727225276
-16.339691479953025
-16.346294565153496
-16.33283161950196
-16.28950330330694
-16.25660827027387
-16.24404218757113
-16.211601765695416
-16.23948574803846
-16.247090890558077
-16.254619981652496
-16.25207378183597
-16.23955304401761
-16.227157513577435
-16.25488593844166
-16.262337079057247
-16.229713708266672
-16.207416571184005
-16.175342405472165
-16.19358898141744
-16.20165309160327
-16.169636560687234
-16.20794019508036
-16.195860793129555
-16.193902185198258
-16.171963163346277
-16.160243531712812
-16.208641096395684
-16.176554685431725
-16.194789138577406
-16.15284124719163
-16.161312834719716
-16.14969970637252
-16.178202709308795
-16.186420682215708
-16.16455647539355
-16.132910910639612
-16.171581801533215
-16.189865983517883
-16.167967323682706
-16.18628765044588
-16.214424773941424
-16.19228052620201
-16.15035772093999
-16.13885414373059
-16.137465602293283
-16.15609094627035
-16.134530036807647
-16.15318473643957
-16.111652889075174
-16.10053636018442
-16.109530996582578
-16.118435686616753
-16.117251329750584
-16.126078816453077
-16.154818028288545
-16.18326984800566
-16.201437149525603
-16.189422778030345
-16.16752855025004
-16.16585326474754
-16.174194732100066
-16.172452784779065
-16.210728256931272
-16.19862097436196
-16.20663476461834
-16.194568416972153
-16.202622732802432
-16.23059650547441
-16.248290540419664
-16.25580763501547
-16.283249558665315
-16.290417063078664
-16.277512892447877
-16.2847377635234
-16.311890385888166
-16.298771482029284
-16.305783767208993
-16.312725929536906
-16.329598670241538
-16.346302683539122
-16.352839656703733
-16.319311260136693
-16.306118147535326
-16.283056966059974
-16.280226396399375
-16.307424132435383
-16.30434989111103
-16.31130639219992
-16.298193328277918
-16.29521139499514
-16.292259281045187
-16.309336688234733
-16.326243321352386
-16.282980888138862
-16.220151079257477
-16.147949568464902
-16.146470072780254
-16.15500537205245
-16.103455318331925
-16.122420765148608
-16.131196557497123
-16.09988459192215
-16.07888574600293
-16.068096888542897
-16.047415919657467
-16.026941760460893
-16.056672342856285
-15.966105619427722
-16.016444563233446
-16.01628011760111
-15.966117316425098
-15.976456143260847
-15.95669158182824
-15.947124666009957
-15.957653419349857
-15.94807688515636
-15.868596116304795
-15.899910155141747
-15.89091105359033
-15.902001943054426
-15.882981923623882
-15.874152104387644
-15.855410583343767
-15.876856477510328
-15.908087912735224
-15.899007033607873
-15.870016963271794
-15.851316793639077
-15.842803625702686
-15.874375589445659
-15.845631833551202
-15.827175515215691
-15.828903760063534
-15.840614722462899
-15.83220857523827
-15.813886489485888
-15.845747624591029
-15.867290148345118
-15.898617246861667
-15.87963107439305
-15.86083476364912
-15.902226416012628
-15.893204151852501
-15.864272110333976
-15.855629389230637
-15.88707309533833
-15.878202364384947
-15.869420340741097
-15.890726137333687
-15.81181887596035
-15.813700687200747
-15.80556368032874
-15.777508043525453
-15.769732963090199
-15.812035633459296
-15.823915277124703
-15.835676124353457
-15.837319363109922
-15.878946169478821
-15.910156707784033
-15.881055140706193
-15.852244589299133
-15.843722143406142
-15.83528492197208
-15.80693207275236
-15.778862752024837
-15.761074124504589
-15.783463383259543
-15.805628749426946
-15.787572461932676
-15.78969673731335
-15.741799769940215
-15.754381772240812
-15.726837954518405
-15.73956957497322
-15.772173879223487
-15.774452140431253
-15.74670761902694
-15.749240542836672
-15.751748137408304
-15.724230656034221
-15.71698834947388
-15.66981846597914
-15.683120281319349
-15.706289078506154
-15.679226187721094
-15.632433925843882
-15.616109586585443
-15.589948490719589
-15.614049005812392
-15.627908515754267
-15.651629430596724
-15.665113136290756
-15.638462004927849
-15.59207738487857
-15.556156611029783
-15.530595044919485
-15.52528909447029
-15.530036203525587
-15.524735841490331
-15.529488483075427
-15.584193598244674
-15.608351662262226
-15.622268145639604
-15.646045464183207
-15.669585009541374
-15.68288915944596
-15.7060602678515
-15.708999665172986
-15.701909668521257
-15.694890571836044
-15.737941666117683
-15.770562249456505
-15.79285662696194
-15.73492806069232
-15.727578780085398
-15.730302992284544
-15.7229999623617
-15.735769962738082
-15.7684122631107
-15.760728140479594
-15.773120859074798
-15.78538965048405
-15.777535753979208
-15.699760396439416
-15.642762792475022
-15.616335164550271
-15.600171812904769
-15.614170094775721
-15.638028393827964
-15.611648109889686
-15.60553162879079
-15.619476312502881
-15.593281549377853
-15.567348733884074
-15.541675246545234
-15.536258494079782
-15.560895909138983
-15.545286950047593
-15.559834080547118
-15.554235739741646
-15.568693382344229
-15.613006448520785
-15.586876384035579
-15.621007620195222
-15.584797543993268
-15.558949568553336
-15.483360072867802
-15.368526472139123
-15.364841207417733
-15.361192795343555
-15.367580867390119
-15.363905058716218
-15.340266008129056
-15.326863348047766
-15.343594714567288
-15.320158767421615
-15.3169571797474
-15.313787607949926
-15.340649731870426
-15.357243234551722
-15.383670802206204
-15.389834094184142
-15.3659357532423
-15.362276395709879
-15.33865363175278
-15.335267095435253
-15.3319144244809
-15.35859528023609
-15.395009327433728
-15.39105923415939
-15.387148641817797
-15.36327715539962
-15.339644383845625
-15.32624794000717
-15.312985460607099
-15.299855606001028
-15.276857049941018
-15.294088479441609
-15.251147594647191
-15.23863611870072
-15.236249757513713
-15.213887259938577
-15.191748387339192
-15.1998309034658
-15.157832594431142
-15.18625426848683
-15.15439172580196
-15.11284780854394
-15.1117193304585
-15.100602137153915
-15.099596115782376
-15.108600154624552
-15.077514153078306
-15.086739011547524
-15.115871621432047
-15.114712905217727
-15.08356577616555
-15.102730118403894
-15.111702817219856
-15.090585789047658
-15.069679931157182
-15.058983131845611
-15.048393300527156
-15.037909367521884
-15.037530273846665
-15.057154971108197
-15.056583421397116
-15.076017587183145
-15.075257411311314
-15.074504837198202
-15.113759788826219
-15.122622190937957
-15.171395969028577
-15.149682009338292
-15.13818518924491
-15.126803337352461
-15.155535303978937
-15.163979950939147
-15.172340151429756
-15.100616749915458
-15.099610582416304
-15.088614476592142
-15.03772833182622
-15.067351048507957
-15.066677538022878
-15.106010762642649
-15.144950655016222
-15.12350114846606
-15.1022661369814
-15.081243475611588
-15.070431040855473
-15.059726730446918
-15.069129463142449
-15.048438168511025
-15.047953786825914
-14.997474248957655
-14.947499506468079
-14.938024511403398
-14.948644266289364
-14.96915782362647
-14.999466245390204
-14.979471582936302
-14.95967686710694
-14.95008009843587
-14.960579297451511
-14.950973504476996
-14.961463769432227
-14.891849131737905
-14.922930640420525
-14.91370133401632
-14.934564320676156
-14.915218677469396
-14.926066490694701
-14.936805825787754
-14.937437767529877
-14.968063389854578
-15.018382755956031
-14.998198928396471
-14.938216939112506
-14.928834769721382
-14.899546422024168
-14.850550957803925
-14.872045448225887
-14.933324993743629
-14.913991743806193
-14.934851826368131
-14.89550330810445
-14.886548275023406
-14.877682792273173
-14.898905964350442
-14.849916904706937
-14.821417735659868
-14.853203558303269
-14.834671522720237
-14.846324807493035
-14.897861559418104
-14.898882943823923
-14.899894114385683
-14.880895173241827
-14.88208622150941
-14.883265359294315
-14.884432705701371
-14.94558837864436
-14.866132494857915
-14.897471169909336
-14.838496458210242
-14.800111493628139
-14.772110378691856
-14.774389274904937
-14.776645382155888
-14.798878928334329
-14.830890139050984
-14.802581237660473
-14.784555425283868
-14.826709871031028
-14.828442772320718
-14.850158344597512
-14.881656761151536
-14.84284019354002
-14.834411791604621
-14.876067673688574
-14.877306996951688
-14.868533926982172
-14.849848587712351
-14.821350101835227
-14.803136600816876
-14.765105234808706
-14.77745418246062
-14.799679640636013
-14.801682844229653
-14.853666015787356
-14.875129355629483
-14.916378062073187
-14.937214281452455
-14.927842138637931
-14.868563717251552
-14.849878080079037
-14.811379299278245
-14.773265506285462
-14.765532851222607
-14.767877522710382
-14.760198747483278
-14.762596760008446
-14.80497079240836
-14.796921084484277
-14.818951873639433
-14.820762354903039
-14.822554731354009
-14.874329184040468
-14.875585892200062
-14.81683003327806
-14.81866173294528
-14.840475115615828
-14.882070364459668
-14.91324966081507
-14.914117164206921
-14.95497599256485
-14.945426232639203
-14.955971970312811
-14.936412250609683
-14.927048128103587
-14.937777646822552
-14.898399870354325
-14.879415871650782
-14.900621712934274
-14.891615495804933
-14.932699340846883
-14.953372347438414
-14.98383862396403
-14.97400023772439
-14.994260235347145
-15.004317632993674
-15.004274456663737
-15.0042317120971
-15.00418939497613
-14.934147501026368
-14.984806026016104
-14.954957965755941
-14.885408386098382
-14.836554302237397
-14.818188759215024
-14.810006871622875
-14.801906802906647
-14.79388773487758
-14.805948857528804
-14.807889368953516
-14.759810475263981
-14.76221237051134
-14.794590246806226
-14.806644344338164
-14.768577900894782
-14.800892121885834
-14.772883200666975
-14.805154368660304
-14.7871028249737
-14.759231796723963
-14.761639478756724
-14.804023083969156
-14.785982853129465
-14.828123024598169
-14.849841794352187
-14.831343376408666
-14.883029942644578
-14.884199643218132
-14.86535764678595
-14.90670407031809
-14.927637029614909
-14.91836065931876
-14.919177052725573
-14.929985282198317
-14.930685429376334
-14.93137857508257
-14.932064789331745
-14.872744141438428
-14.894016700024043
-14.905076533023802
-14.906025767693565
-14.88696551001663
-14.908095854916464
-14.949014896367299
-14.969524747403625
-14.939829499929587
-14.950431204930291
-14.980926892880989
-14.99111762395218
-15.001206447712658
-15.001194383235532
-14.981182439403177
-14.941370615009145
-14.941956908859053
-14.942537339770462
-14.943111966372758
-14.95368084670903
-14.91414403824194
-14.925002597859521
-14.965752571880925
-14.956095046162115
-14.956534095700494
-14.946968754743489
-14.927499067196054
-14.888224076524093
-14.889341835758852
-14.890448417401265
-14.921543933227252
-14.91232849389498
-14.91320520895603
-14.89407315686647
-14.915132425297806
-14.875981101044827
-14.86722129003438
-14.848549077134036
-14.870063586362695
-14.901362950499069
-14.922349320994078
-14.923125827784137
-14.903894569506296
-14.924855623811233
-14.945607067573121
-14.926150996897391
-14.956889486928416
-14.977320592059131
-14.997547386138539
-14.917571912277154
-14.898396193154383
-14.869412231222839
-14.91071810891061
-14.881610927821503
-14.882794818543289
-14.873966870357856
-14.915227201654277
-14.936074929637734
-14.956714180341356
-14.887147038537941
-14.868275568152562
-14.789592812471037
-14.731696884346327
-14.754379915502863
-14.706836116347834
-14.679767755184354
-14.64297007763251
-14.646540376856185
-14.640074973087623
-14.553674223356747
-14.50813748112318
-14.513056106311948
-14.477925545248828
-14.453146289796338
-14.438614826898375
-14.464228678629391
-14.469586391843098
-14.474890527924668
-14.460141622645422
-14.485540206418968
-14.490684804354778
-14.505777956311231
-14.480720176748118
-14.525912974980637
-14.56065384523083
-14.58504730677852
-14.589196833710735
-14.593304865373629
-14.577371816719893
-14.521598098552694
-14.566382117567166
-14.580718296391494
-14.584911113427578
-14.629062002293303
-14.62277138227037
-14.586543668447666
-14.610678231763188
-14.614571449445556
-14.5784257349511
-14.58264147760159
-14.556815062825573
-14.551246912197318
-14.535734443075345
-14.490377098644592
-14.435473327658146
-14.421118594381564
-14.41690740843775
-14.412738334353373
-14.418610951009839
-14.38442484149974
-14.380580593084744
-14.386774787153897
-14.432907039282357
-14.448577968889534
-14.484092189200638
-14.519251267308631
-14.494058754635544
-14.51911816708919
-14.453926985418297
-14.459387715564114
-14.494793838408473
-14.539845900024387
-14.524447441024144
-14.519202966613904
-14.484010936947763
-14.469170827578287
-14.414479119302504
-14.44033432810948
-14.455930984828385
-14.461371674980102
-14.476757958230301
-14.481990378647998
-14.437170474861517
-14.432798770112903
-14.368470782411775
-14.384786074587657
-14.38093821384178
-14.347128831703362
-14.343657543386328
-14.340220967952465
-14.30681875827294
-14.27375057069021
-14.281013064983307
-14.268202934333475
-14.25552090499014
-14.27296569594024
-14.220236038980838
-14.18803367859103
-14.22615334180512
-14.193891808387068
-14.211952890303198
-14.209833361400166
-14.217735027786166
-14.185557677508303
-14.16370210073322
-14.192065079725888
-14.230144428928629
-14.207842984639342
-14.19576455479295
-14.20380690924502
-14.13176884015257
-14.090451151751045
-14.119546640233535
-14.1383511738312
-14.176967662092888
-14.165197985471961
-14.14354600561724
-14.082110545561068
-14.091289440105458
-14.100376545704403
-14.069372780247358
-14.048679052444884
-14.058192261920436
-14.08761033930123
-14.046734235908218
-14.026266893549135
-14.016004224613644
-14.035844182367507
-13.995485740543831
-13.955530883138392
-13.96597557430701
-14.00631581856394
-13.956252660378299
-13.916690133774516
-13.85752323243677
-13.898948000112403
-13.90995852011128
-13.930858934910168
-13.941550345561065
-13.942134842105455
-13.952713493684401
-13.983186358747556
-14.01335449516008
-14.02322095020848
-14.022988740706396
-14.012758853299331
-13.982631264766338
-13.972804952118675
-13.983076902597489
-13.873246133571513
-13.894513672235798
-13.91556853551344
-13.916412850158306
-13.967248721656722
-13.977576234440155
-13.977800472095755
-13.978022467374798
-14.00824224270105
-13.968159820274039
-13.928478222071298
-13.929193439850586
-13.86990150545208
-13.88120249039756
-13.872390465493586
-13.87366656083865
-13.864929895230265
-13.836280596277962
-13.807917790315182
-13.829838612412031
-13.80154022628791
-13.813524824025032
-13.795389575784782
-13.747435680026934
-13.729961323226663
-13.722661709994396
-13.695435092894451
-13.648480741965507
-13.661995934545851
-13.655375975200394
-13.68882221544839
-13.671933993293905
-13.665214653360966
-13.638562506827355
-13.612176881759082
-13.626055112941492
-13.619794561812078
-13.643596616193957
-13.677160650032016
-13.700389043531697
-13.693385153096381
-13.676451301565416
-13.679686788549763
-13.702889920664266
-13.755861021457623
-13.748302411243047
-13.760819387130617
-13.73321119325931
-13.775879081326716
-13.748120290513448
-13.790639087608314
-13.77273269673223
-13.775005369764909
-13.757255316067258
-13.789682762906585
-13.80178593527752
-13.803768075924745
-13.745730395165499
-13.738273091213845
-13.710890360301706
-13.723781456698688
-13.7065436421317
-13.669478205710384
-13.67278342365328
-13.666055589416748
-13.669395033522582
-13.702701083187355
-13.735674072355481
-13.728317331631928
-13.741034158315609
-13.763623816732453
-13.685987578565129
-13.669127702779477
-13.73243642575168
-13.715112061494164
-13.647960940879223
-13.68148133147043
-13.654666518155725
-13.658119852974169
-13.651538654444428
-13.625023267899984
-13.668773035220983
-13.722085304868774
-13.684864451820085
-13.668015807301883
-13.681335649228863
-13.664522292736574
-13.65787706980921
-13.711298299111117
-13.724185316120007
-13.746943462958807
-13.73947402832922
-13.782079288045926
-13.784258495165467
-13.776415910213814
-13.808651751111675
-13.80056523360056
-13.842559581264554
-13.83413398545191
-13.835792645597392
-13.837434719141418
-13.849060371950005
-13.860569768230505
-13.8319640705482
-13.843644429842717
-13.87520798554429
-13.856455905688845
-13.847891346631958
-13.889412433165637
-13.880518308833981
-13.83171312574564
-13.803395994488183
-13.7753620345433
-13.757608414197865
-13.750032330055888
-13.732532006755328
-13.745206686687775
-13.727754619820896
-13.730477073622687
-13.74317230288646
-13.765740579857596
-13.75808317405902
-13.73050234231843
-13.743197318895245
-13.745765345706292
-13.74830769224923
-13.800824615326738
-13.77281636917347
-13.755088205481734
-13.747537323426917
-13.730061950192647
-13.75276133069072
-13.745233717383813
-13.717781380209974
-13.720603566407874
-13.733397530743796
-13.746063555436358
-13.778602919881994
-13.790816890683175
-13.812908721776344
-13.85477963455858
-13.856231838212995
-13.777669519830866
-13.799892824632558
-13.791893896386233
-13.75397495742237
-13.776435207848147
-13.778670855769667
-13.770884147211971
-13.80317530573985
-13.815143552682452
-13.766992117155628
-13.759322195984073
-13.771728974024231
-13.804011684283989
-13.81597156744115
-13.827811851766738
-13.84953373324907
-13.861038395916578
-13.872428011957412
-13.883703731837839
-13.884866694519461
-13.836018027574266
-13.887657847298522
-13.868781268825536
-13.880093456137281
-13.841292521575909
-13.85287959636015
-13.794350800396549
-13.766407292392582
-13.778743219468657
-13.74095578727397
-13.69354622940123
-13.706610767107218
-13.699544659436146
-13.672549212841783
-13.675823720713366
-13.689065483506232
-13.70217482867117
-13.70515308038446
-13.658101549580614
-13.681520534084807
-13.714705328743959
-13.687558275456519
-13.680682692701955
-13.663875865774935
-13.637237107117185
-13.670864736046013
-13.664156088685553
-13.617514527798697
-13.63133938252071
-13.625025988695505
-13.60877572880855
-13.622687971520463
-13.656461091805259
-13.659896480887207
-13.673297516078335
-13.706564540917553
-13.679498895508377
-13.672703906553295
-13.685976867487762
-13.669117098812883
-13.652425927824753
-13.625901668546504
-13.65964265186104
-13.67304622534243
-13.646315763089005
-13.699852605458114
-13.712854079403533
-13.705725538609498
-13.718668283223403
-13.711481600391169
-13.624366784387258
-13.618123116543385
-13.621941885377952
-13.605722466524172
-13.55966524185893
-13.54406858944034
-13.568627903545936
-13.542941624510476
-13.557512208265372
-13.511937086182717
-13.50681771532089
-13.54174953816768
-13.536332042786004
-13.590968722358143
-13.575059035134561
-13.579308444783216
-13.623515360335384
-13.617280206732032
-13.611107404664711
-13.604996330618064
-13.568946367311883
-13.583256903638764
-13.587424334602376
-13.581550091256354
-13.61573459034379
-13.59957724444035
-13.633581471995948
-13.657245657275988
-13.670673200703229
-13.643966468696195
-13.627526804009232
-13.65125153596914
-13.634739020609448
-13.618391630403353
-13.63220771409932
-13.655885636958326
-13.63932678058874
-13.632933512782854
-13.646604177655025
-13.630138135878473
-13.62383675451969
-13.577598386974493
-13.531822403104748
-13.5365041790737
-13.541139137282965
-13.555727745910135
-13.560170468451034
-13.564568763766523
-13.558923076128858
-13.543333845367568
-13.537900506913893
-13.502521501844754
-13.517496286826306
-13.562321323958043
-13.546698110718461
-13.541231129611278
-13.505818818315165
-13.470760630132013
-13.476053023830692
-13.451292493592385
-13.43677956865646
-13.472411772969895
-13.497687655240197
-13.472710778687794
-13.457983670900916
-13.433403834191905
-13.409069795849986
-13.394979097891484
-13.371029306912568
-13.367319013843444
-13.38364582370501
-13.339809365467959
-13.326411271813278
-13.313147159095145
-13.340015687504193
-13.37661553062915
-13.38284937532286
-13.36902088156963
-13.395330672753934
-13.401377366026395
-13.30736359236613
-13.284289956442468
-13.321447056878043
-13.338232586309262
-13.28485026044617
-13.282001757841709
-13.239181740263291
-13.286789922860658
-13.32392202363205
-13.370682803395729
-13.366975975361772
-13.343306215608154
-13.279873153452073
-13.297074421917552
-13.284103677698376
-13.27126264092139
-13.308550014512177
-13.275464514367055
-13.242709869223384
-13.27028277053115
-13.277579942825838
-13.264804143397578
-13.262156101963603
-13.249534540943966
-13.227039195534525
-13.224768803579181
-13.212521115543389
-13.180395904387954
-13.218591945344073
-13.256406025890632
-13.223841965631726
-13.261603545975408
-13.288987510515653
-13.326097635410497
-13.322836659056392
-13.299608292465827
-13.29661220954117
-13.353646087445757
-13.3501096265713
-13.326608530305586
-13.36334244500253
-13.329709020552505
-13.24641193034698
-13.233947811043508
-13.231608332933074
-13.189292249603744
-13.167399327107706
-13.17572533383663
-13.193968080498264
-13.212028399693281
-13.169908115696348
-13.168209034539386
-13.166526944193992
-13.104861674752051
-13.08381305800453
-13.072974927424484
-13.07224517815024
-13.101522726368737
-13.100507499105051
-13.059502424114001
-13.00890739987286
-13.008818325874133
-12.99873014261539
-13.038742841189237
-13.038355412777344
-13.037971858649572
-12.987592140063075
-12.977716218662444
-12.93793905647582
-12.958559665911062
-12.988974069251952
-13.019084328559433
-13.068893485273838
-13.0882045504211
-13.127322504916888
-13.20604927986772
-13.223988787069043
-13.221748899198353
-13.23953141020637
-13.157136096104306
-13.165564735143263
-13.21390908779183
-13.151769996913911
-13.150252296944773
-13.148749773975325
-13.107262276235572
-13.086189653473216
-13.135327756938484
-13.153974479369099
-13.112434734575407
-13.161310387229653
-13.199697283357356
-13.187700310523782
-13.225823307418544
-13.233565074344359
-13.151229423600915
-13.089717129364907
-12.998819958071257
-12.998831758490546
-12.97884344090564
-13.009055006496585
-13.00896445643162
-12.978874811867303
-12.979086063748632
-12.999295203111146
-12.939302251080035
-12.979909228569234
-13.010110136283542
-13.050009034920706
-13.0595089445715
-13.048913855125784
-13.068424716574526
-13.10774046940878
-13.116663064714693
-13.055496434067546
-13.064941469726872
-13.074292055029604
-13.073549134479308
-13.112813643134514
-13.101685506703168
-13.090668651636136
-13.079761965119774
-13.028964345468577
-13.00867470201389
-12.968587954993751
-12.868902075443813
-12.890213054689376
-12.901310924142482
-12.922297814901057
-12.893074836752046
-12.874144088384524
-12.855402647500679
-12.916848621025672
-12.937680134815416
-12.91830333346726
-12.869120300132588
-12.890429097131262
-12.89152480615995
-12.88260955809835
-12.813783462517367
-12.825645627892195
-12.777389171613272
-12.759615279897139
-12.782019127098167
-12.794198935827186
-12.776256946468914
-12.808494377004225
-12.780409433234182
-12.80260533890184
-12.774579285512822
-12.726833492657693
-12.649565157731118
-12.653069506153807
-12.60653881109227
-12.570473422981346
-12.564768688751531
-12.549121001864016
-12.533629791845375
-12.51829349392692
-12.51311055898765
-12.447979453397775
-12.433499658863797
-12.419164662275158
-12.404973015652406
-12.47092328549588
-12.486214052640921
-12.501351912114513
-12.536338392993368
-12.500975009063435
-12.485965258972799
-12.51110560638307
-12.495994550319239
-12.481034604816045
-12.506224258767885
-12.521162016180206
-12.545950396018403
-12.520490892058218
-12.495285983137636
-12.45033312330626
-12.415829792073197
-12.401671494152463
-12.377654779210939
-12.34387823141883
-12.33043944910464
-12.337135054613594
-12.293763704067457
-12.240826067026783
-12.178417806356515
-12.12663362829295
-12.095367292010021
-12.054413619089921
-12.043869482899021
-12.08343078807003
-12.082596480189329
-12.081770515387435
-12.120952810233561
-12.109743282131225
-12.138645849309913
-12.157259390816815
-12.165686796908648
-12.154029928939561
-12.192489629650165
-12.200564733353664
-12.188559086020126
-12.176673495159925
-12.224906760208325
-12.252657692606242
-12.300131115680179
-12.287129804523376
-12.294258506478142
-12.251315921413362
-12.198802762199229
-12.196814734577236
-12.194846587231464
-12.22289812135915
-12.190669140145557
-12.128762448744101
-12.117474824256659
-12.076300076014093
-12.075537075253951
-12.044781704501412
-12.0743338874564
-12.103590548581835
-12.082554643096016
-12.101729096665055
-12.090711805698405
-12.05980468764142
-12.039206640765006
-12.068814574357356
-12.078126428613784
-12.037345164327645
-12.016971712684368
-11.996801995557524
-11.976833975601949
-11.967065635845929
-11.987394979487469
-11.977521029692594
-11.977745819395668
-11.967968361201711
-11.968288677589694
-11.948605790813797
-11.959119732905659
-11.949528535576603
-11.930033250220836
-11.890732917718628
-11.95182558854144
-11.952307332656025
-11.892784259329465
-11.863856416736171
-11.855217852568808
-11.88666567404312
-11.89779901730269
-11.908821027129664
-11.939732816858367
-11.950335488689785
-11.950832133802885
-11.941323812464855
-11.941910574340206
-11.942491468596803
-11.953066553910835
-11.963535888371727
-11.953900529488008
-11.934361524193127
-11.915017908951196
-11.855867729861684
-11.857309052563066
-11.868735962037436
-11.880048602417062
-11.861248116392892
-11.902635635228963
-11.923609278876674
-11.964373186087906
-11.974729454227028
-11.984982159684758
-11.995132338087911
-11.99518101470703
-12.025229204559961
-12.084976912514362
-12.064127143389218
-12.023485871955325
-12.02325101323577
-12.033018503103413
-12.052688318072379
-12.032161434891655
-12.061839820542739
-12.081221422337311
-12.070409208113936
-12.029705116032797
-12.029408064872468
-12.019113984223743
-12.048922844381506
-12.02843361593769
-12.058149279778313
-12.067567786980531
-12.056892109110725
-12.066323188019618
-12.035659956139423
-12.025303356578029
-12.015050323012247
-12.064899819782124
-12.054250821584302
-12.06370831336846
-12.113071230234775
-12.061940517932427
-12.081321112753104
-12.090507901625573
-12.089602822609317
-12.028706794383224
-12.06841972643939
-12.057735529174996
-12.077158173883246
-12.076386592144413
-12.085622726222969
-12.114766498960739
-12.043618833971133
-12.053182645631422
-12.042650819175106
-12.072224310983355
-12.121502067873521
-12.130287047194788
-12.13898417672284
-12.13759433495561
-12.146218391606055
-12.164756207689996
-12.143108645613095
-12.161677559156965
-12.180060783565397
-12.218260175729743
-12.266077573972446
-12.273416798232722
-12.270682630250393
-12.237975803947888
-12.24559604590841
-12.233140085449326
-12.180808684594833
-12.149000597748884
-12.177510591771396
-12.175735485853682
-12.123978130995145
-12.122738349685193
-12.131510966188342
-12.110195856526458
-12.099093897961193
-12.098102958981581
-12.097121929391765
-12.126150710097848
-12.17488920299687
-12.183140310966902
-12.211308907857234
-12.20919581877866
-12.157103860590874
-12.195532821984965
-12.153577493765116
-12.072041718827464
-12.041321301639188
-12.090908088622797
-12.079999007736568
-12.079199017659201
-12.09840702748261
-12.047422957207784
-12.106948727635706
-12.14587924035935
-12.114420447955755
-12.143276243476198
-12.131843481041434
-12.15052504623102
-12.14901979576871
-12.127529597811023
-12.016254301832912
-12.016091758814582
-11.955930841226436
-11.916371532814171
-11.817207817486029
-11.82903573931117
-11.800745381918057
-11.852737928098877
-11.884210548817888
-11.93536844332971
-11.926014758896411
-11.916754611307447
-11.847587065194373
-11.849111194542429
-11.900620082597005
-11.911613881771036
-11.882497742953325
-11.863672765523791
-11.785036037868553
-11.807185677489867
-11.809113820714968
-11.801022682507817
-11.83301245568274
-11.844682331125913
-11.766235507814653
-11.778573152736506
-11.740787421209141
-11.77337954699705
-11.785645751527081
-11.73778929401181
-11.690411401071692
-11.673507287060975
-11.686772214190366
-11.639904492048462
-11.563505447127977
-11.587870392656697
-11.54199168873013
-11.546571771842828
-11.5811060541244
-11.585294993583155
-11.589442043647322
-11.593547623210847
-11.587612146978739
-11.631736025508951
-11.665418665253862
-11.608764478601323
-11.58267683381531
-11.556850065477157
-11.541281564822384
-11.475868749174161
-11.461110061682419
-11.446498961065593
-11.462033971454938
-11.477413631740388
-11.492639495422985
-11.477713100468755
-11.462935969464066
-11.458306609769425
-11.41372354367173
-11.449586308235014
-11.435090445152664
-11.450739540701138
-11.436232145294126
-11.401869823841185
-11.427851125602773
-11.423572614346744
-11.459336888203277
-11.474743519321244
-11.489996084128032
-11.455096123286753
-11.380545162053885
-11.386739710433345
-11.322872313329011
-11.259643590195722
-11.237047154293764
-11.244676682750825
-11.222229915923316
-11.170007616764083
-11.168307540596443
-11.126624465190478
-11.135358220538572
-11.144004638333186
-11.142564591949853
-11.091138946030355
-11.10022755657005
-11.15922528100435
-11.187633028194307
-11.215756697912365
-11.203599130933242
-11.25156313962391
-11.23904750822767
-11.236657033145393
-11.294290462813938
-11.331347558185799
-11.33803408260394
-11.324653741777901
-11.33140720436012
-11.308093132316518
-11.285012200993354
-11.282162078983418
-11.279340458193584
-11.136547053611649
-11.215181583075532
-11.213029767244777
-11.210899469572329
-11.118790474876604
-11.13760257012784
-11.18622654442656
-11.194364278982293
-11.15242063619247
-11.140896429830546
-11.19948746553224
-11.197492590876918
-11.245517664968148
-11.273062488318466
-11.260331863435281
-11.27772854480093
-11.25495125935292
-11.25240174675939
-11.269877729291796
-11.287178951998879
-11.284307162478889
-11.2414640908541
-11.179049449945559
-11.217258955446104
-11.265086365891642
-11.202435502232726
-11.200411147210398
-11.248407035738294
-11.265922965380913
-11.313263735727103
-11.300131098369832
-11.237129787386134
-11.274758489512273
-11.25201090461715
-11.239490795570978
-11.267095887615268
-11.284424928739115
-11.271580679451723
-11.298864872657207
-11.245876223930635
-11.273417461691329
-11.240683287074416
-11.228276454203671
-11.165993689661635
-11.174333752765017
-11.182590415237366
-11.200764511084992
-11.168756865974142
-11.207069297314401
-11.234998604341257
-11.242648618297844
-11.240222132114864
-11.217819910793715
-11.265641711685777
-11.24298529456892
-11.26055544162323
-11.257949887206998
-11.255370388334928
-11.252816684451577
-11.290288517607062
-11.32738563243099
-11.30411177610668
-11.291070658345612
-11.278159951762156
-11.265378352244534
-11.28272456872209
-11.249897323034869
-11.277398349804521
-11.244624366306477
-11.242178122643411
-11.239756341416976
-11.217358778002806
-11.285185190222778
-11.28233333832055
-11.269510004937343
-11.31681490488797
-11.32364675583909
-11.3404102882807
-11.297006185397892
-11.254036123543914
-11.241495762308475
-11.259080804685391
-11.306489996638538
-11.283425096672152
-11.26059084570543
-11.237984937248376
-11.295605087875892
-11.342649036997132
-11.329222546627161
-11.38593032116089
-11.362071017949281
-11.368450307769788
-11.34476580469209
-11.36131814664517
-11.337704965178718
-11.354327915526932
-11.350784636371662
-11.337276790007945
-11.263904022107864
-11.241264981886784
-11.218852332067916
-11.256663808747238
-11.234097170659766
-11.271756198953168
-11.199038636963635
-11.197048250593998
-11.155077768088058
-11.143526990407176
-11.132091720503103
-11.070770803298073
-11.100063095265092
-11.119062464312442
-11.147871839669317
-11.166393121272625
-11.194729190059899
-11.2027818981593
-11.130754079177706
-11.159446538385929
-11.17785207300207
-11.23607355227205
-11.26371281674933
-11.281075688581836
-11.30826493169602
-11.24518228237906
-11.19273045955527
-11.160803154959718
-11.22919512341012
-11.256903172176019
-11.224334140454259
-11.242090799049716
-11.25966989105922
-11.27707319214863
-11.254302460227143
-11.291759435624872
-11.288841841268622
-11.235953422855937
-11.223593888627377
-11.211357949741103
-11.209244370243692
-11.227151926541255
-11.174880407275843
-11.173131603203084
-11.181400287171051
-11.24958628429934
-11.247090421456347
-11.224619517241784
-11.192373322069367
-11.180449588848672
-11.198645092960186
-11.126658642030584
-11.105392055610277
-11.124338135054176
-11.093094753703634
-11.082163806166596
-11.101342168104932
-11.080328746423882
-11.089525458959642
-11.108630204370046
-11.097543902326345
-11.09656846330308
-11.13560277867005
-11.15424675088335
-11.172704283374518
-11.130977240540773
-11.169667468135366
-11.16797079345401
-11.16629108551947
-11.204628174664276
-11.202581892917632
-11.180556073988456
-11.09875051324857
-11.117763008116084
-11.126585378034923
-11.125319524254573
-11.104066329012028
-11.123025665721908
-11.14179540906469
-11.160377454974043
-11.198773680424303
-11.196785943620059
-11.224818084183859
-11.23256990334202
-11.2302442043086
-11.287941762265513
-11.305062344642858
-11.26201172119643
-11.209391603984466
-11.227297687944622
-11.205024711065176
-11.222974463954525
-11.220744719314979
-11.228537272121828
-11.226251899400609
-11.253989380406603
-11.261449486602537
-11.278834991736511
-11.306046641819147
-11.302986175400955
-11.269956313646945
-11.307256750510476
-11.31418418300537
-11.311042341175316
-11.287931917763563
-11.295052598585928
-11.272102072600068
-11.239381051874068
-11.216987241355326
-11.144817368941773
-11.173369195252356
-11.181635503299832
-11.129819148266835
-11.128520956784167
-11.117235747216325
-11.106063389744161
-11.02500275584672
-11.044752728288252
-11.054305201005368
-11.043762148995315
-11.11332452750536
-11.142191282230307
-11.200769369408004
-11.178761675713924
-11.146974058956785
-11.105504318367217
-11.124449275183546
-11.063204782431711
-11.082572734607394
-11.021747007261322
-11.061529537188708
-11.07091424181682
-11.07020509939865
-11.079503048404664
-11.068708017920617
-11.048020937741411
-11.017540728363997
-11.047365321080358
-11.026891667869554
-11.05662275119086
-11.086056523678952
-11.105195958442163
-11.064143998857741
-11.073502558869162
-11.06276753328047
-11.072139857947665
-10.971418459368188
-10.941704274774507
-10.962287232026762
-10.982664359706495
-10.99283771610943
-11.012909338948335
-11.01278024555885
-10.952652443103263
-10.93312591867223
-10.953794659485508
-10.854256712890653
-10.855714145761745
-10.897157004304127
-10.888185434261086
-10.909303579918475
-10.92021054411929
-10.941008438678097
-10.961598354291317
-10.961982370748403
-10.90236254704092
-10.98333892157051
-11.023505532354806
-11.003270477031258
-10.963237772260946
-10.993605394538337
-10.943669340592955
-10.854232647187025
-10.855690320715155
-10.857133417508003
-10.858562083332922
-10.899976462499593
-10.960976697874598
-10.931366930895852
-10.932053261586892
-10.892732728971025
-10.903805401681314
-10.8747673476645
-10.876019674187855
-10.827259477445978
-10.818986882671517
-10.860797013844802
-10.882189043706354
-10.87336715326929
-10.904633481736598
-10.925587146919232
-10.83633127545004
-10.847967962695538
-10.879488283068584
-10.860693400237897
-10.892086466235519
-10.903165601573162
-10.87413394555743
-10.895392606101856
-10.896438680040836
-10.847474293240428
