-20.0
-20.0
-20.01
-20.009900000000002
-20.009801
-20.01970299
-20.0195059601
-20.029310900499
-20.03901779149401
-20.04862761357907
-20.05814133744328
-20.06755992406885
-20.07688432482816
-20.08611548157988
-20.085254326764083
-20.094401783496444
-20.10345776566148
-20.11242318800487
-20.11129895612482
-20.12018596656357
-20.118984106897933
-20.127794265828953
-20.136516323170664
-20.135151159938957
-20.133799648339565
-20.13246165185617
-20.131137035337606
-20.13982566498423
-20.14842740833439
-20.156943134251044
-20.165373702908536
-20.17371996587945
-20.171982766220655
-20.18026293855845
-20.168460309172865
-20.176775706081138
-20.175007949020326
-20.173257869530122
-20.17152529083482
-20.179810037926472
-20.18801193754721
-20.186131818171734
-20.184270499990017
-20.182427794990115
-20.190603517040216
-20.188697481869813
-20.196810507051115
-20.204842401980603
-20.202793977960795
-20.210766038181188
-20.208658377799374
-20.21657179402138
-20.214406076081165
-20.202262015320354
-20.20023939516715
-20.208237001215476
-20.206154631203322
-20.204093084891287
-20.212052154042375
-20.209931632501952
-20.207832316176933
-20.205753993015165
-20.203696453085012
-20.21165948855416
-20.20954289366862
-20.217447464731933
-20.225272990084616
-20.22302026018377
-20.22079005758193
-20.208582157006113
-20.20649633543605
-20.21443137208169
-20.21228705836087
-20.220164187777264
-20.21796254589949
-20.225782920440494
-20.223525091236088
-20.221289840323724
-20.229076941920486
-20.22678617250128
-20.22451831077627
-20.232273127668506
-20.219950396391823
-20.227750892427906
-20.225473383503626
-20.22321864966859
-20.230986463171902
-20.228676598540183
-20.23638983255478
-20.234025934229233
-20.21168567488694
-20.21956881813807
-20.21737312995669
-20.225199398657125
-20.222947404670553
-20.220717930623845
-20.228510751317607
-20.23622564380443
-20.22386338736639
-20.221624753492726
-20.2294085059578
-20.22711442089822
-20.23484327668924
-20.222494843922348
-20.220269895483124
-20.208067196528294
-20.21598652456301
-20.21382665931738
-20.201688392724208
-20.189671508796966
-20.197774793708998
-20.195797045771908
-20.20383907531419
-20.201800684561046
-20.209782677715438
-20.207684850938282
-20.2156080024289
-20.213451922404612
-20.211317403180566
-20.199204229148762
-20.167212186857277
-20.175540064988706
-20.173784664338818
-20.172046817695428
-20.180326349518474
-20.188523086023288
-20.186637855163053
-20.18477147661142
-20.192923761845307
-20.190994524226852
-20.199084578984586
-20.20709373319474
-20.215022795862794
-20.212872567904164
-20.220743842225122
-20.22853640380287
-20.23625103976484
-20.243888529367194
-20.25144964407352
-20.248935147632785
-20.23644579615646
-20.244081338194896
-20.25164052481295
-20.25912411956482
-20.266532878369173
-20.273867549585482
-20.281128874089628
-20.288317585348732
-20.295434409495247
-20.302480065400296
-20.309455264746294
-20.30636071209883
-20.313297104977842
-20.310164133928062
-20.30706249258878
-20.313991867662892
-20.320851948986263
-20.3176434294964
-20.304466995201437
-20.311422325249424
-20.30830810199693
-20.30522502097696
-20.31217277076719
-20.31905104305952
-20.325860532628926
-20.322601927302635
-20.32937590802961
-20.336082148949316
-20.342721327459824
-20.339294114185225
-20.345901173043373
-20.35244216131294
-20.358917739699812
-20.345328562302814
-20.351875276679788
-20.35835652391299
-20.364772958673864
-20.351125229087128
-20.35761397679626
-20.364037837028295
-20.37039745865801
-20.37669348407143
-20.382926549230717
-20.37909728373841
-20.385306310901026
-20.381453247792013
-20.387638715314093
-20.393762328160953
-20.38982470487934
-20.395926457830548
-20.401967193252244
-20.397947521319722
-20.403968046106524
-20.40992836564546
-20.415829081989006
-20.421670791169117
-20.407454083257427
-20.40337954242485
-20.379345747000603
-20.385552289530597
-20.38169676663529
-20.38787979896894
-20.39400100097925
-20.40006099096946
-20.376060381059766
-20.38229977724917
-20.378476779476678
-20.374692011681912
-20.37094509156509
-20.36723564064944
-20.363563284242947
-20.359927651400515
-20.36632837488651
-20.362665091137643
-20.359038440226264
-20.345448055824004
-20.351993575265766
-20.348473639513106
-20.354988903117974
-20.361439014086795
-20.357824623945927
-20.34424637770647
-20.310803913929405
-20.31769587479011
-20.324518916042212
-20.32127372688179
-20.31806098961297
-20.32488037971684
-20.32163157591967
-20.308415260160476
-20.30533110755887
-20.312277796483283
-20.30915501851845
-20.296063468333266
-20.303102833649934
-20.300071805313433
-20.3070710872603
-20.304000376387698
-20.30096037262382
-20.297950768897582
-20.294971261208605
-20.30202154859652
-20.299001333110557
-20.30601131977945
-20.302951206581657
-20.30992169451584
-20.30682247757068
-20.303754252794974
-20.310716710267023
-20.297609543164356
-20.29463344773271
-20.301687113255383
-20.298670242122828
-20.3056835397016
-20.302626704304583
-20.299600437261535
-20.29660443288892
-20.30363838856003
-20.30060200467443
-20.277595984627688
-20.28482002478141
-20.261971824533596
-20.26935210628826
-20.276658585225377
-20.283891999373125
-20.291053079379395
-20.2881425485856
-20.295261123099746
-20.292308511868747
-20.29938542675006
-20.30639157248256
-20.303327656757734
-20.310294380190157
-20.297191436388257
-20.304219522024376
-20.31117732680413
-20.31806555353609
-20.314884898000727
-20.32173604902072
-20.328518688530515
-20.33523350164521
-20.34188116662876
-20.33846235496247
-20.335077731412845
-20.311726954098717
-20.31860968455773
-20.325423587712155
-20.332169351835034
-20.328847658316683
-20.325559181733514
-20.33230358991618
-20.33898055401702
-20.34559074847685
-20.352134840992083
-20.34861349258216
-20.35512735765634
-20.341576084079776
-20.32816032323898
-20.324878720006588
-20.32162993280652
-20.318413633478453
-20.31522949714367
-20.32207720217223
-20.318856430150507
-20.325667865849002
-20.332411187190512
-20.33908707531861
-20.325696204565425
-20.332439242519772
-20.339114850094575
-20.34572370159363
-20.352266464577696
-20.33874379993192
-20.325356361932602
-20.312102798313276
-20.288981770330142
-20.28609195262684
-20.273231033100572
-20.26049872276957
-20.227893735541876
-20.225614798186456
-20.22335865020459
-20.221125063702544
-20.22891381306552
-20.226624674934865
-20.234358428185516
-20.24201484390366
-20.249594695464626
-20.257098748509982
-20.25452776102488
-20.241982483414635
-20.22956265858049
-20.237267031994687
-20.244894361674742
-20.252445418057995
-20.259920963877416
-20.267321754238644
-20.25464853669626
-20.252102051329295
-20.239581030816005
-20.227185220507845
-20.224913368302765
-20.222664234619735
-20.23043759227354
-20.228133216350802
-20.225851884187293
-20.21359336534542
-20.211457431691965
-20.219342857375047
-20.217149428801296
-20.194977934513282
-20.203028155168152
-20.21099787361647
-20.208887894880306
-20.216799015931503
-20.20463102577219
-20.21258471551447
-20.210458868359325
-20.198354279675733
-20.196370736878976
-20.194407029510185
-20.19246295921508
-20.20053832962293
-20.188532946326703
-20.196647616863437
-20.184681140694803
-20.192834329287855
-20.18090598599498
-20.16909692613503
-20.17740595687368
-20.175631897304942
-20.163875578331893
-20.152236822548577
-20.16071445432309
-20.10910730977986
-20.11801623668206
-20.12683607431524
-20.135567713572087
-20.144212036436368
-20.152769916072007
-20.141242216911287
-20.129829794742175
-20.128531496794754
-20.137246181826807
-20.12587372000854
-20.094614982808455
-20.07366883298037
-20.062932144650567
-20.06230282320406
-20.06167979497202
-20.0710629970223
-20.070352367052074
-20.079648843381555
-20.08885235494774
-20.087963831398262
-20.077084193084282
-20.076313351153438
-20.0555502176419
-20.06499471546548
-20.074344768310826
-20.073601320627716
-20.072865307421438
-20.062136654347224
-20.04151528780375
-20.051100134925715
-20.040589133576457
-19.99018324224069
-20.000281409818285
-19.990278595720103
-20.000375809762904
-20.010372051665275
-20.01026833114862
-20.010165647837134
-20.010063991358763
-19.999963351445178
-19.969963717930728
-19.97026408075142
-19.970561439943904
-19.970855825544465
-19.98114726728902
-19.99133579461613
-20.00142243666997
-19.99140821230327
-19.991494130180236
-19.971579188878433
-19.98186339698965
-19.972044763019753
-19.962324315389555
-19.94270107223566
-19.953274061513305
-19.95374132089817
-19.94420390768919
-19.954761868612298
-19.955214249926176
-19.955662107426914
-19.946105486352646
-19.92664443148912
-19.92737798717423
-19.938104207302487
-19.918723165229462
-19.909535933577168
-19.900440574241397
-19.911436168498984
-19.922321806813994
-19.933098588745853
-19.923767602858394
-19.90452992682981
-19.91548462756151
-19.926329781285897
-19.93706648347304
-19.937695818638307
-19.908318860451924
-19.899235671847407
-19.900243315128932
-19.871240881977645
-19.86252847315787
-19.85390318842629
-19.835364156542028
-19.837010514976605
-19.838640409826837
-19.820254005728568
-19.832051465671285
-19.84373095101457
-19.835293641504425
-19.83694070508938
-19.848571298038486
-19.8400855850581
-19.82168472920752
-19.833467881915443
-19.835133203096287
-19.846781871065325
-19.84831405235467
-19.839830911831125
-19.831432602712816
-19.83311827668569
-19.844787093918832
-19.836339222979646
-19.84797583074985
-19.84949607244235
-19.811001111717925
-19.812891100600744
-19.814762189594735
-19.806614567698787
-19.788548422021798
-19.790662937801578
-19.802756308423564
-19.79472874533933
-19.78678145788594
-19.758913643307082
-19.76132450687401
-19.76371126180527
-19.746074149187216
-19.74861340769534
-19.74112727361839
-19.713716000882208
-19.726578840873387
-19.72931305246465
-19.732019921940005
-19.724699722720604
-19.707452725493397
-19.710378198238462
-19.70327441625608
-19.71624167209352
-19.729079255372586
-19.72178846281886
-19.724570578190672
-19.717324872408767
-19.71015162368468
-19.683050107447837
-19.696219606373358
-19.679257410309624
-19.682464836206528
-19.685640187844463
-19.668783785966017
-19.672095948106357
-19.665374988625295
-19.678721238739044
-19.68193402635165
-19.665114686088135
-19.668463539227254
-19.68177890383498
-19.674961114796634
-19.68821150364867
-19.701329388612184
-19.68431609472606
-19.6974729337788
-19.70049820444101
-19.7134932223966
-19.726358290172634
-19.729094707270907
-19.7218037601982
-19.71458572259622
-19.697439865370256
-19.680465466716555
-19.67366081204939
-19.676924203928895
-19.660154961889607
-19.64355341227071
-19.637117878148004
-19.630746699366526
-19.63443923237286
-19.608094840049134
-19.622013891648642
-19.635793752732155
-19.619435815204834
-19.603241457052786
-19.57720904248226
-19.57143695205744
-19.565722582536868
-19.5600653567115
-19.554464703144387
-19.538920056112943
-19.52353085555181
-19.518295546996296
-19.52311259152633
-19.53788146561107
-19.53250265095496
-19.52717762444541
-19.531905848200957
-19.536586789718946
-19.531220921821756
-19.535908712603536
-19.5405496254775
-19.535144129222726
-19.5297926879305
-19.544494761051194
-19.529049813440682
-19.543759315306275
-19.558321722153213
-19.56273850493168
-19.537111119882365
-19.55174000868354
-19.566222608596707
-19.56056038251074
-19.56495477868563
-19.559305230898776
-19.55371217858979
-19.528175056803896
-19.522893306235858
-19.5176643731735
-19.502487729441764
-19.507462852147345
-19.49238822362587
-19.447464341389608
-19.46298969797571
-19.458359800995954
-19.463776202985994
-19.459138440956135
-19.434547056546574
-19.45020158598111
-19.435699570121297
-19.421342574420084
-19.417129148675883
-19.412957857189127
-19.408828278617236
-19.414739995831063
-19.42059259587275
-19.426386669914024
-19.422122803214883
-19.417901575182736
-19.423722559430907
-19.439485333836597
-19.44509048049823
-19.43063957569325
-19.436333179936316
-19.421969848136953
-19.367750149655585
-19.37407264815903
-19.36033192167744
-19.336728602460667
-19.34336131643606
-19.3399277032717
-19.336528426238985
-19.323163141976593
-19.339931510556827
-19.33653219545126
-19.333166873496747
-19.329835204761782
-19.296536852714166
-19.293571484187026
-19.300635769345156
-19.297629411651705
-19.28465311753519
-19.241806586359836
-19.249388520496236
-19.246894635291273
-19.24442568893836
-19.201981432048974
-19.199961617728487
-19.197962001551204
-19.195982381535693
-19.214022557720337
-19.211882332143134
-19.2197635088217
-19.197565873733485
-19.21559021499615
-19.223434312846187
-19.211199969717725
-19.209087970020548
-19.21699709032034
-19.214827119417137
-19.222678848222966
-19.200452059740737
-19.18844753914333
-19.176563063751896
-19.174797433114378
-19.183049458783234
-19.1512189641954
-19.159706774553445
-19.178109706807913
-19.18632860973983
-19.184465323642435
-19.172620670406012
-19.16089446370195
-19.159285519064934
-19.147692663874285
-19.126215737235544
-19.12495357986319
-19.123704044064556
-19.10246700362391
-19.11144233358767
-19.110327910251797
-19.10922463114928
-19.11813238483779
-19.11695106098941
-19.125781550379518
-19.104523734875723
-19.063478497526965
-19.082843712551696
-19.10201527542618
-19.110995122671916
-19.1098851714452
-19.118786319730745
-19.09759845653344
-19.086622471968106
-19.105756247248426
-19.094698684775942
-19.093751697928184
-19.1028141809489
-19.11178603913941
-19.090668178748018
-19.089761496960538
-19.108863881990935
-19.117775243171025
-19.126597490739314
-19.125331515831924
-19.134078200673603
-19.122737418666865
-19.131510044480194
-19.110194944035396
-19.06909299459504
-19.06840206464909
-19.077718044002598
-19.08694086356257
-19.096071454926946
-19.115110740377677
-19.113959632973902
-19.132820036644162
-19.14149183627772
-19.160076917914942
-19.158476148735794
-19.166891387248434
-19.17522247337595
-19.193470248642193
-19.171535546155773
-19.139820190694216
-19.128421988787274
-19.147137768899402
-19.155666391210406
-19.144109727298304
-19.142668630025323
-19.14124194372507
-19.099829524287816
-19.08883122904494
-19.06794291675449
-19.077263487586944
-19.086490852711073
-19.015625944183963
-19.025469684742124
-18.995214987894702
-18.975262838015755
-18.955510209635598
-18.94595510753924
-18.91649555646385
-18.917330600899213
-18.90815729489022
-18.89907572194132
-18.910084964721904
-18.910984115074687
-18.92187427392394
-18.9326555311847
-18.903328975872853
-18.904295686114125
-18.905252729252986
-18.886200201960456
-18.887338199940853
-18.878464817941445
-18.88968016976203
-18.90078336806441
-18.911775534383764
-18.902657779039927
-18.903631201249528
-18.924594889237035
-18.945348940344665
-18.955895450941217
-18.966336496431804
-18.956673131467486
-18.96710640015281
-18.95743533615128
-18.967860982789766
-18.978182372961868
-18.96840054923225
-18.94871654373993
-18.949229378302533
-18.959737084519507
-18.95013971367431
-18.920638316537566
-18.90143193337219
-18.90241761403847
-18.903393437898085
-18.854359503519106
-18.865815908483913
-18.867157749399077
-18.838486171905085
-18.850101310186034
-18.841600297084174
-18.86318429411333
-18.854552451172196
-18.846006926660476
-18.827546857393873
-18.849271388819936
-18.85077867493174
-18.872270888182424
-18.893548179300602
-18.894612697507597
-18.895666570532523
-18.906709904827196
-18.907642805778924
-18.898566377721135
-18.879580713943927
-18.890784906804488
-18.891877057736444
-18.892958287159082
-18.844028704287492
-18.795588417244616
-18.80763253307217
-18.809556207741448
-18.801460645664033
-18.793446039207392
-18.805511578815317
-18.787456463027166
-18.779581898396895
-18.781786079412928
-18.793968218618797
-18.80602853643261
-18.817968251068283
-18.819788568557602
-18.831590682872026
-18.833274776043307
-18.834942028282875
-18.836592608000046
-18.798226681920045
-18.800244415100845
-18.782241970949837
-18.78441955124034
-18.796575355727935
-18.778609602170658
-18.80082350614895
-18.782815271087465
-18.77498711837659
-18.787237247192824
-18.789364874720896
-18.801471225973685
-18.79345651371395
-18.81552194857681
-18.797366729091042
-18.78939306180013
-18.79149913118213
-18.783584139870307
-18.755748298471605
-18.74819081548689
-18.74070890733202
-18.7433018182587
-18.75586880007611
-18.778310112075353
-18.7605270109546
-18.762921740845055
-18.775292523436605
-18.77753959820224
-18.769764202220216
-18.782066560198015
-18.774245894596035
-18.756503435650075
-18.738938401293577
-18.741549017280644
-18.714133527107837
-18.71699219183676
-18.699822269918393
-18.712824047219208
-18.69569580674702
-18.67873884867955
-18.691951460192755
-18.705031945590825
-18.657981626134916
-18.651401809873565
-18.65488779177483
-18.64833891385708
-18.66185552471851
-18.605236969471324
-18.56918459977661
-18.543492753778843
-18.518057826241055
-18.532877247978643
-18.527548475498858
-18.542272990743868
-18.52685026083643
-18.51158175822807
-18.526465940645785
-18.53120128123933
-18.545889268426937
-18.530430375742668
-18.515126071985243
-18.52997481126539
-18.504675063152735
-18.48962831252121
-18.474732029395998
-18.489984709102036
-18.515084862011015
-18.519934013390905
-18.484734673256995
-18.489887326524425
-18.48498845325918
-18.500138568726587
-18.485137183039324
-18.48028581120893
-18.48548295309684
-18.490628123565873
-18.495721842330216
-18.500764623906914
-18.525756977667847
-18.53049940789117
-18.50519441381226
-18.450142469674134
-18.475641044977394
-18.48088463452762
-18.466075788182344
-18.471415030300523
-18.466700879997518
-18.472033871197542
-18.467313532485566
-18.46264039716071
-18.468013993189103
-18.46333385325721
-18.448700514724642
-18.464213509577394
-18.44957137448162
-18.445075660736805
-18.430624904129438
-18.436318655088144
-18.45195546853726
-18.43743591385189
-18.43306155471337
-18.438730939166238
-18.444343629774576
-18.43990019347683
-18.445501191542064
-18.441046179626642
-18.42663571783038
-18.402369360652074
-18.408345667045555
-18.3942622103751
-18.39031958827135
-18.416416392388637
-18.392252228464752
-18.408329706180105
-18.434246409118305
-18.42990394502712
-18.455604905576852
-18.471048856521083
-18.46633836795587
-18.44167498427631
-18.447258234433548
-18.462785652089213
-18.468157795568324
-18.44347621761264
-18.429041455436515
-18.42475104088215
-18.43050353047333
-18.4161984951686
-18.412036510216915
-18.407916145114744
-18.403836983663595
-18.39979861382696
-18.40580062768869
-18.391742621411804
-18.397825195197687
-18.41384694324571
-18.40970847381325
-18.405611389075116
-18.381555275184365
-18.38773972243252
-18.393862325208197
-18.389923701956114
-18.416024464936555
-18.42186422028719
-18.437645578084318
-18.423269122303477
-18.439036431080442
-18.42464606676964
-18.410399606101944
-18.386295610040925
-18.382432653940516
-18.35860832740111
-18.3550222441271
-18.311472021685827
-18.308357301468966
-18.305273728454274
-18.29222099116973
-18.289298781258033
-18.306405793445453
-18.323341735510997
-18.340108318155885
-18.316707234974327
-18.293540162624584
-18.30060476099834
-18.317598713388357
-18.324422726254475
-18.32117849899193
-18.307966714002013
-18.294887046861994
-18.271938176393373
-18.24921879462944
-18.276726606683145
-18.253959340616312
-18.23141974721015
-18.249105549738047
-18.25661449424067
-18.264048349298264
-18.271407865805283
-18.26869378714723
-18.286006849275758
-18.293146780783
-18.31021531297517
-18.29711315984542
-18.304142028246968
-18.281100607964497
-18.27828960188485
-18.285506705866002
-18.28265163880734
-18.26982512241927
-18.267126871195078
-18.264455602483128
-18.271811046458296
-18.259092935993714
-18.236502006633778
-18.22413698656744
-18.231895616701767
-18.24957666053475
-18.2670808939294
-18.264410084990104
-18.271765984140202
-18.279048324298802
-18.266257841055815
-18.27359526264526
-18.250859310018807
-18.218350716918618
-18.18616720974943
-18.184305537651937
-18.16246248227542
-18.170837857452668
-18.19912947887814
-18.157138184089362
-18.15556680224847
-18.114011134225983
-18.102871022883726
-18.11184231265489
-18.11072388952834
-18.09961665063306
-18.09862048412673
-18.06763427928546
-18.076957936492608
-18.09618835712768
-18.105226473556403
-18.094174208820842
-18.083232466732635
-18.082400142065307
-18.091576140644655
-18.10066037923821
-18.08965377544583
-18.078757237691374
-18.08796966531446
-18.107089968661317
-18.136019068974704
-18.104658878284955
-18.103612289502106
-18.092576166607085
-18.101650404941015
-18.120633900891605
-18.119427561882688
-18.12823328626386
-18.14695095340122
-18.115481443867207
-18.124326629428538
-18.133083363134254
-18.141752529502913
-18.140335004207884
-18.088931654165805
-18.108042337624145
-18.136961914247905
-18.135592295105425
-18.14423637215437
-18.162794008432826
-18.1511660683485
-18.139654407665017
-18.148257863588366
-18.11677528495248
-18.075607532102957
-18.08485145678193
-18.10400294221411
-18.102962912791966
-18.101933283664046
-18.110913950827406
-18.129804811319133
-18.14850676320594
-18.15702169557388
-18.145451478618146
-18.153996963831965
-18.162456994193647
-18.180832424251708
-18.14902410000919
-18.1575338590091
-18.14595852041901
-18.17449893521482
-18.192753945862673
-18.180826406404048
-18.189018142340007
-18.177127960916607
-18.17535668130744
-18.133603114494367
-18.142267083349424
-18.13084441251593
-18.11953596839077
-18.118340608706863
-18.117157202619794
-18.115985630593595
-18.12482577428766
-18.123577516544785
-18.11234174137934
-18.131218323965545
-18.12990614072589
-18.118607079318632
-18.10742100852545
-18.086346798440196
-18.085483330455794
-18.104628497151236
-18.103582212179724
-18.11254639005793
-18.141420926157352
-18.150006716895778
-18.16850664972682
-18.17682158322955
-18.125053367397253
-18.113802833723284
-18.11266480538605
-18.07153815733219
-18.080822775758868
-18.08001454800128
-18.039214402521267
-18.038822258496054
-18.018434035911095
-17.988249695551982
-17.98836719859646
-17.998483526610496
-17.99849869134439
-17.98851370443095
-17.978628567386643
-17.998842281712776
-17.98885385889565
-17.99896532030669
-18.008975667103627
-18.01888591043259
-18.018697051328264
-18.028510080814982
-18.028224980006833
-18.037942730206765
-17.997563302904698
-18.00758766987565
-17.987511793176896
-17.97763667524513
-17.957860308492677
-17.95828170540775
-17.96869888835367
-17.969011899470136
-17.93932178047543
-17.919928562670677
-17.91072927704397
-17.901621984273532
-17.872605764430794
-17.883879706786487
-17.885040909718622
-17.906190500621435
-17.90712859561522
-17.908057309659068
-17.908976736562476
-17.88988696919685
-17.89098809950488
-17.902078218509832
-17.873057436324732
-17.844326861961484
-17.80588359334187
-17.78782475740845
-17.779946509834367
-17.762147044736025
-17.744525574288666
-17.76708031854578
-17.779409515360324
-17.78161542020672
-17.783799266004653
-17.805961273344607
-17.82790166061116
-17.84962264400505
-17.821126417564997
-17.822915153389346
-17.814686001855453
-17.786539141836897
-17.76867375041853
-17.780987012914345
-17.763177142785203
-17.775545371357353
-17.78778991764378
-17.769912018467345
-17.74221289828267
-17.724790769299844
-17.737542861606848
-17.760167432990777
-17.77256575866087
-17.79484010107426
-17.766891700063518
-17.719222783062882
-17.72203055523225
-17.69481024967993
-17.64786214718313
-17.6113835257113
-17.62526969045419
-17.65901699354965
-17.672426823614153
-17.65570255537801
-17.66914552982423
-17.672454074525987
-17.68572953378073
-17.698872238442924
-17.691883516058496
-17.684964680897913
-17.718115034088935
-17.690933883748045
-17.634024544910567
-17.627684299461464
-17.63140745646685
-17.63509338190218
-17.62874244808316
-17.602455023602325
-17.596430473366304
-17.60046616863264
-17.58446150694631
-17.58861689187685
-17.61273072295808
-17.5766034157285
-17.520837381571216
-17.5256290077555
-17.530372717677945
-17.535068990501166
-17.519718300596153
-17.514521117590192
-17.51937590641429
-17.524182147350146
-17.528940325876643
-17.513650922617877
-17.488514413391698
-17.47362926925778
-17.478892976565202
-17.48410404679955
-17.499263006331557
-17.50427037626824
-17.45922767250556
-17.444635395780505
-17.440189041822702
-17.435787151404476
-17.441429279890432
-17.43701498709153
-17.41264483722061
-17.408518388848407
-17.394433204959924
-17.37048887291032
-17.36678398418122
-17.35311614433941
-17.359584982896017
-17.365989133067057
-17.382329241736386
-17.33850594931902
-17.325120889825833
-17.331869680927575
-17.3285509841183
-17.305265474277117
-17.322212819534347
-17.318990691339003
-17.305800784425614
-17.292742776581356
-17.24981534881554
-17.207317195327384
-17.20524402337411
-17.19319158314037
-17.171259667308963
-17.199547070635873
-17.207551599929513
-17.20547608393022
-17.183421323090915
-17.171587109860006
-17.149871238761403
-17.13837252637379
-17.09698880111005
-17.12601891309895
-17.14475872396796
-17.12331113672828
-17.112078025360997
-17.120957245107387
-17.129747672656315
-17.13845019592975
-17.12706569397045
-17.135795037030746
-17.14443708666044
-17.112992715793833
-17.091862788635893
-17.080944160749535
-17.10013471914204
-17.10913337195062
-17.048042038231113
-17.067561617848803
-17.056886001670314
-17.07631714165361
-17.055553970237074
-17.044998430534704
-17.04454844622936
-17.034102961767065
-17.033761932149396
-17.033424312827904
-16.993090069699623
-17.013159169002627
-17.033027577312602
-17.062697301539476
-17.012070328524082
-16.99194962523884
-16.942030128986453
-16.96260982769659
-16.942983729419623
-16.903553892125426
-16.934518353204172
-16.89517316967213
-16.836221437975407
-16.86785922359565
-16.869180631359697
-16.8604888250461
-16.89188393679564
-16.892965097427684
-16.874035446453405
-16.88529509198887
-16.86644214106898
-16.887777719658292
-16.868899942461706
-16.88021094303709
-16.891408833606718
-16.892494745270653
-16.89356979781795
-16.91463409983977
-16.935487758841372
-16.93613288125296
-16.946771552440428
-16.967303836916024
-16.967630798546864
-16.937954490561395
-16.888574945655783
-16.899689196199226
-16.910692304237234
-16.941585381194862
-16.932169527382914
-16.932847832109086
-16.963519353787994
-16.983884160250117
-16.974045318647615
-16.964304865461138
-16.954661816806528
-16.98511519863846
-17.025264046652076
-17.005011406185552
-17.014961292123697
-17.034811679202463
-16.994463562410438
-17.004518926786332
-16.984473737518467
-16.984629000143283
-16.99478271014185
-16.97483488304043
-16.97508653421003
-16.94533566886793
-16.95588231217925
-16.966323489057455
-16.93666025416688
-16.907293651625213
-16.88822071510896
-16.89933850795787
-16.890345122878294
-16.88144167164951
-16.892627254933018
-16.843700982383687
-16.83526397255985
-16.816911332834252
-16.81874221950591
-16.83055479731085
-16.832249249337742
-16.803926756844366
-16.765887489275922
-16.778228614383163
-16.780446328239332
-16.73264186495694
-16.74531544630737
-16.757862291844294
-16.77028366892585
-16.75258083223659
-16.775055023914224
-16.767304473675082
-16.77963142893833
-16.80183511464895
-16.80381676350246
-16.785778595867434
-16.74792080990876
-16.73044160180967
-16.733137185791573
-16.705805813933658
-16.708747755794324
-16.67166027823638
-16.674943675454017
-16.638194238699477
-16.641812296312484
-16.675394173349357
-16.668640231615864
-16.671953829299706
-16.655234291006707
-16.658681948096643
-16.66209512861568
-16.625474177329522
-16.54921943555623
-16.563727241200667
-16.54808996878866
-16.532609069100772
-16.557282978409766
-16.55171014862567
-16.526193047139415
-16.52093111666802
-16.54572180550134
-16.540264587446327
-16.544861941571867
-16.579413322156146
-16.553619188934587
-16.548082997045242
-16.55260216707479
-16.577076145404046
-16.581305383950006
-16.575492330110507
-16.549737406809403
-16.574240032741308
-16.568497632413894
-16.522812656089755
-16.507584529528856
-16.502508684233568
-16.477483597391235
-16.472708761417323
-16.47798167380315
-16.473201857065117
-16.488469838494467
-16.483585140109522
-16.428749288708428
-16.384461795821345
-16.39061717786313
-16.4067110060845
-16.402643896023655
-16.39861745706342
-16.384631282492784
-16.370784969667856
-16.317077119971177
-16.333906348771464
-16.320567285283747
-16.33736161243091
-16.3239879963066
-16.310748116343532
-16.337640635180097
-16.364264228828297
-16.380621586540013
-16.376815370674613
-16.383047216967867
-16.33921674479819
-16.31582457735021
-16.34266633157671
-16.349239668260942
-16.325747271578333
-16.30248979886255
-16.299464900873925
-16.276470251865188
-16.30370554934654
-16.320668493853073
-16.337461808914544
-16.314087190825397
-16.260946318917142
-16.268336855727974
-16.245653487170696
-16.263196952298987
-16.250564982775995
-16.268059332948233
-16.26537873961875
-16.262724952222563
-16.230097702700334
-16.23779672567333
-16.225418758416595
-16.23316457083243
-16.250832925124104
-16.258324595872864
-16.215741349914136
-16.203583936414994
-16.201548097050843
-16.209532616080335
-16.19743728991953
-16.165462917020335
-16.173808287850132
-16.152070204971633
-16.150549502921915
-16.149044007892694
-16.137553567813768
-16.11617803213563
-16.11501625181427
-16.08386608929613
-16.083027428403167
-16.102197154119136
-16.111175182577945
-16.100063430752165
-16.099062796444642
-16.038072168480195
-15.987691446795392
-15.967814532327438
-15.998136387004163
-16.008155023134123
-16.00807347290278
-15.997992738173751
-16.008012810792014
-16.027932682684096
-16.057653355857255
-16.087076822298684
-16.086206054075696
-16.04534399353494
-16.09489055359959
-16.093941648063595
-16.073002231582958
-16.04227220926713
-16.041849487174456
-16.071430992302712
-16.070716682379683
-16.100009515555886
-16.129009420400326
-16.12771932619632
-16.096442132934357
-16.075477711605014
-16.084722934488966
-16.093875705144075
-16.122936948092633
-16.091707578611707
-16.100790502825593
-16.089782597797335
-16.09888477181936
-16.087895924101165
-16.107016964860154
-16.08594679521155
-16.035087327259436
-16.03473645398684
-16.044389089446973
-16.003945198552504
-15.983905746566979
-16.00406668910131
-15.964026022210296
-15.944385761988194
-15.964941904368311
-15.985292485324628
-15.99543956047138
-15.995485164866666
-15.995530313218
-15.945575010085818
-15.91611925998496
-15.92695806738511
-15.92768848671126
-15.918411601844147
-15.929227485825706
-15.939935210967448
-15.960535858857773
-15.970930500269194
-15.981221195266501
-15.931408983313835
-15.972094893480696
-15.95237394454589
-15.94285020510043
-15.953421703049427
-15.953887486018933
-15.924348611158745
-15.935105125047157
-15.885754073796685
-15.846896533058716
-15.81842756772813
-15.790243292050848
-15.822340859130339
-15.834117450539035
-15.855776276033644
-15.837218513273308
-15.858846328140574
-15.860257864859168
-15.881655286210576
-15.922838733348469
-15.913610346014984
-15.914474242554833
-15.945329500129285
-15.935876205127991
-15.89651744307671
-15.887552268645944
-15.878676745959485
-15.86988997849989
-15.83119107871489
-15.812879167927742
-15.814750376248464
-15.806602872485978
-15.808536843761118
-15.810451475323507
-15.802346960570272
-15.794323490964569
-15.786380256054924
-15.808516453494375
-15.780431288959432
-15.812626976069838
-15.81450070630914
-15.826355699246049
-15.848092142253588
-15.819611220831053
-15.791415108622743
-15.783500957536516
-15.755665947961152
-15.75810928848154
-15.760528195596725
-15.762922913640757
-15.725293684504349
-15.708040747659306
-15.710960340182712
-15.733850736780886
-15.716512229413077
-15.749347107118945
-15.761853636047755
-15.754235099687278
-15.766692748690405
-15.749025821203501
-15.781535562991465
-15.773720207361551
-15.695983005287935
-15.719023175235055
-15.741832943482704
-15.734414614047877
-15.747070467907397
-15.759599763228323
-15.722003765596039
-15.714783727940079
-15.667635890660677
-15.68095953175407
-15.67414993643653
-15.667408437072165
-15.680734352701442
-15.653927009174428
-15.647387739082683
-15.630913861691857
-15.604604723074939
-15.62855867584419
-15.642273089085748
-15.59585035819489
-15.58989185461294
-15.57399293606681
-15.588253006706141
-15.59237047663908
-15.596446771872689
-15.610482304153962
-15.604377481112422
-15.588333706301299
-15.562450369238286
-15.546825865545904
-15.571357606890444
-15.58564403082154
-15.549787590513324
-15.52428971460819
-15.489046817462109
-15.504156349287488
-15.469114785794613
-15.444423637936668
-15.4299794015573
-15.435679607541728
-15.45132281146631
-15.486809583351647
-15.491941487518131
-15.49702207264295
-15.502051851916521
-15.537031333397355
-15.561661020063381
-15.566044409862748
-15.60038396576412
-15.554380126106478
-15.538836324845414
-15.513447961596961
-15.53831348198099
-15.53293034716118
-15.497601043689567
-15.492625033252672
-15.477698782920145
-15.462921795090944
-15.408292577140035
-15.344209651368635
-15.360767554854949
-15.377159879306399
-15.363388280513336
-15.329754397708202
-15.31645685373112
-15.303292285193809
-15.34025936234187
-15.326856768718452
-15.343588201031267
-15.330152319020954
-15.366850795830743
-15.353182287872436
-15.329650464993712
-15.326353960343775
-15.313090420740338
-15.309959516532935
-15.316859921367605
-15.313691322153929
-15.33055440893239
-15.317248864843066
-15.314076376194635
-15.300935612432689
-15.26792625630836
-15.295246993745277
-15.272294523807824
-15.279571578569746
-15.27677586278405
-15.284008104156209
-15.291168023114647
-15.258256342883499
-15.275673779454664
-15.232917041660116
-15.250587871243514
-15.228081992531079
-15.215801172605769
-15.22364316087971
-15.221406729270914
-15.229192661978205
-15.246900735358423
-15.204431728004838
-15.192387410724791
-15.190463536617543
-15.188558901251367
-15.186673312238854
-15.184806579116465
-15.2029585133253
-15.110928928192047
-15.119819638910126
-15.118621442521025
-15.077435228095814
-15.086660875814855
-15.075794267056708
-15.08503632438614
-15.074185961142279
-15.073444101530857
-15.072709660515548
-15.101982563910392
-15.090962738271289
-15.080053110888576
-15.079252579779691
-15.078460053981894
-15.057675453442076
-15.027098698907654
-15.046827711918578
-15.006359434799391
-14.986295840451398
-14.986432882046884
-15.006568553226415
-15.016502867694152
-15.006337839017212
-15.02627446062704
-15.04601171602077
-15.005551598860562
-15.005496082871955
-15.005441122043235
-14.925386710822803
-14.936132843714574
-14.916771515277429
-14.887603800124653
-14.868727762123408
-14.880040484502175
-14.861240079657154
-14.822627678860583
-14.804401402071978
-14.836357388051258
-14.837993814170746
-14.879613876029039
-14.860817737268748
-14.86220955989606
-14.883587464297099
-14.844751589654127
-14.846304073757587
-14.827841033020011
-14.829562622689812
-14.811266996462914
-14.843154326498285
-14.854722783233301
-14.816175555400967
-14.798013799846958
-14.780033661848488
-14.732233325230004
-14.714910991977705
-14.717761882057928
-14.730584263237349
-14.703278420604974
-14.696245636398924
-14.699283180034936
-14.702290348234587
-14.685267444752242
-14.67841477030472
-14.681630622601674
-14.694814316375657
-14.697866173211901
-14.690887511479783
-14.693978636364985
-14.707038850001336
-14.709968461501322
-14.69286877688631
-14.695940089117448
-14.648980688226272
-14.682490881344009
-14.705665972530568
-14.66860931280526
-14.681923219677207
-14.585103987480435
-14.529252947605631
-14.473960418129574
-14.489220813948277
-14.514328605808794
-14.529185319750706
-14.553893466553198
-14.568354531887666
-14.55267098656879
-14.547144276703103
-14.521672833936071
-14.556456105596709
-14.550891544540743
-14.525382629095335
-14.54012880280438
-14.524727514776338
-14.549480239628574
-14.563985437232288
-14.578345582859965
-14.592562127031366
-14.526636505761052
-14.501370140703441
-14.506356439296408
-14.501292874903443
-14.48627994615441
-14.471417146692866
-14.436702975225938
-14.442335945473678
-14.47791258601894
-14.49313346015875
-14.538202125557163
-14.522820104301593
-14.507591903258577
-14.502515984225992
-14.457490824383731
-14.432915916139892
-14.418586756978494
-14.414400889408709
-14.45025688051462
-14.445754311709475
-14.38129676859238
-14.417483800906455
-14.43330896289739
-14.408975873268416
-14.424886114535731
-14.390637253390373
-14.42673088085647
-14.432463572047904
-14.438138936327425
-14.35375754696415
-14.360219971494509
-14.376617771779564
-14.322851594061769
-14.339623078121152
-14.316226847339939
-14.32306457886654
-14.359833933077873
-14.366235593747094
-14.302573237809623
-14.329547505431528
-14.326252030377212
-14.33298951007344
-14.319659614972707
-14.35646301882298
-14.36289838863475
-14.309269404748402
-14.316176710700919
-14.343014943593909
-14.34958479415797
-14.34608894621639
-14.332628056754228
-14.329301776186686
-14.34600875842482
-14.352548670840571
-14.329023184132165
-14.345732952290843
-14.342275622767936
-14.308852866540256
-14.285764337874852
-14.322906694496103
-14.359677627551141
-14.28608085127563
-14.273220042762874
-14.250487842335245
-14.237982963911893
-14.215603134272774
-14.213447102930047
-14.201312631900747
-14.20929950558174
-14.207206510525923
-14.225134445420665
-14.222883100966458
-14.230654269956794
-14.208347727257225
-14.256264249984651
-14.263701607484805
-14.281064591409956
-14.278253945495857
-14.315471406040897
-14.282316691980487
-14.269493525060684
-14.266798589810078
-14.304130603911977
-14.301089297872858
-14.278078404894128
-14.315297620845186
-14.322144644636735
-14.308923198190367
-14.235833966208464
-14.183475626546379
-14.201640870280915
-14.179624461578106
-14.197828216962325
-14.145849934792702
-14.114391435444775
-14.103247521090328
-14.082215045879424
-14.091392895420631
-14.060478966466423
-14.06987417680176
-14.109175435033741
-14.128083680683403
-14.11680284387657
-14.155634815437804
-14.114078467283425
-14.13293768261059
-14.141608305784485
-14.11019222272664
-14.109090300499375
-14.147999397494381
-14.126519403519437
-14.095254209484242
-14.1343016673894
-14.172958650715506
-14.13122906420835
-14.099916773566266
-14.088917605830604
-14.088028429772299
-14.107148145474577
-14.11607666401983
-14.064915897379633
-14.074266738405838
-14.053524071021778
-14.08298883031156
-14.012158942008444
-14.042037352588359
-14.021616979062475
-14.031400809271851
-14.021086801179132
-14.03087593316734
-13.970567173835667
-13.96086150209731
-13.961252887076338
-13.901640358205574
-13.862623954623517
-13.84399771507728
-13.805557737926508
-13.757502160547242
-13.779927138941769
-13.732127867552352
-13.624806588876828
-13.61855852298806
-13.60237293775818
-13.636349208380597
-13.599985716296791
-13.533985859133823
-13.578646000542484
-13.60285954053706
-13.596830945131689
-13.600862635680373
-13.58485400932357
-13.589005469230335
-13.55311541453803
-13.58758426039265
-13.541708417788723
-13.516291333610834
-13.521128420274726
-13.52591713607198
-13.48065796471126
-13.445851385064147
-13.431392871213504
-13.357078942501369
-13.363508153076356
-13.369873071545593
-13.316174340830136
-13.283012597421834
-13.260182471447616
-13.28758064673314
-13.334704840265807
-13.26135779186315
-13.238744213944518
-13.246356771805074
-13.213893204087022
-13.151754272046151
-13.14023672932569
-13.178834362032433
-13.127046018412107
-13.145775558227987
-13.144317802645707
-13.152874624619251
-13.121345878373058
-13.150132419589328
-13.168631095393435
-13.0869447844395
-13.046075336595106
-13.005614583229155
-13.045558437396863
-13.065102853022895
-13.064451824492666
-13.07380730624774
-13.063069233185262
-13.08243854085341
-13.131614155444876
-13.110298013890427
-13.089195033751523
-13.128303083414007
-13.127020052579867
-13.125749852054069
-13.084492353533529
-13.103647429998194
-13.122610955698212
-13.07138484614123
-13.050670997679816
-13.030164287703018
-12.999862644825987
-12.979864018377727
-12.99006537819395
-12.990164724412011
-13.030263077167891
-13.029960446396213
-12.99966084193225
-13.029664233512928
-13.0093675911778
-13.009273915266022
-13.039181176113361
-13.048789364352228
-13.098301470708705
-13.127318456001618
-13.166045271441602
-13.154384818727186
-13.162840970539914
-13.161212560834516
-13.16960043522617
-13.167904430873909
-13.16622538656517
-13.114563132699518
-13.093417501372521
-13.072483326358794
-13.071758493095206
-13.091040908164254
-13.100130499082612
-13.129129194091785
-13.137837902150867
-13.146459523129359
-13.134994927898065
-13.163644978619084
-13.102008528832894
-13.100988443544566
-13.089978559109118
-13.049078773518026
-13.008587985782846
-12.978502105925017
-12.968717084865766
-12.969029914017108
-12.959339614876937
-12.949746218728167
-12.900248756540886
-12.891246268975477
-12.802333806285722
-12.804310468222866
-12.766267363540637
-12.81860468990523
-12.770418643006177
-12.702714456576116
-12.675687312010353
-12.668930438890248
-12.632241134501346
-12.665918723156333
-12.649259535924768
-12.572766940565522
-12.607039271159866
-12.580968878448267
-12.575159189663784
-12.499407597767147
-12.524413521789477
-12.549169386571583
-12.533677692705867
-12.508340915778808
-12.52325750662102
-12.508024931554809
-12.542944682239261
-12.547515235416869
-12.4520400830627
-12.417519682232072
-12.353344485409751
-12.359811040555655
-12.3962129301501
-12.372250800848597
-12.408528292840112
-12.36444300991171
-12.360798579812592
-12.377190594014467
-12.413418688074321
-12.379284501193577
-12.355491656181641
-12.341936739619824
-12.328517372223624
-12.285232198501388
-12.222379876516374
-12.21015607775121
-12.208054516973696
-12.22597397180396
-12.233714232085921
-12.301377089765062
-12.318363318867412
-12.315179685678737
-12.332027888821951
-12.318707609933732
-12.345520533834394
-12.30206532849605
-12.28904467521109
-12.29615422845898
-12.283192686174388
-12.320360759312644
-12.307157151719517
-12.29408558020232
-12.341144724400298
-12.367733277156296
-12.384055944384732
-12.440215384940885
-12.475813231091475
-12.411055098780562
-12.416944547792756
-12.392775102314827
-12.388847351291679
-12.364958877778761
-12.311309289000974
-12.318196196110964
-12.255014234149854
-12.222464091808355
-12.21023945089027
-12.228137056381367
-12.205855685817554
-12.223797128959378
-12.231559157669784
-12.239243566093087
-12.216851130432156
-12.184682619127834
-12.182835792936554
-12.14100743500719
-12.209597360657117
-12.257501387050546
-12.20492637318004
-12.112877109448238
-12.061748338353755
-11.931130854970219
-11.931819546420515
-11.90250135095631
-11.923476337446747
-11.814241574072279
-11.766099158331556
-11.798438166748241
-11.770453785080758
-11.82274924722995
-11.79452175475765
-11.786576537210072
-11.778710771837972
-11.760923664119591
-11.733314427478396
-11.695981283203611
-11.699021470371575
-11.702031255667858
-11.705010943111178
-11.697960833680066
-11.690981225343265
-11.654071413089833
-11.627530698958934
-11.611255391969344
-11.56514283804965
-11.549491409669153
-11.573996495572462
-11.558256530616736
-11.562673965310568
-11.577047225657463
-11.531276753400888
-11.54596398586688
-11.490504346008212
-11.43559930254813
-11.491243309522648
-11.416330876427422
-11.352167567663148
-11.338645891986516
-11.38525943306665
-11.341406838735985
-11.317992770348624
-11.264812842645139
-11.232164714218687
-11.249843067076501
-11.227344636405736
-11.185071190041679
-11.243220478141263
-11.250788273359849
-11.28828039062625
-11.295397586719986
-11.262443610852786
-11.21981917474426
-11.187620982996817
-11.115744773166847
-11.084587325435178
-11.053741452180827
-11.033204037659019
-11.032871997282427
-10.962543277309603
-10.962917844536506
-11.02328866609114
-11.04305577943023
-11.062625221635928
-11.051998969419568
-11.031478979725373
-11.011164189928119
-11.031052548028837
-11.020742022548548
-11.020534602323062
-11.060329256299832
-11.039725963736833
-11.089328704099465
-11.028435417058471
-11.048151062887888
-11.067669552259009
-11.036992856736418
-10.986622928169055
-11.016756698887365
-11.02658913189849
-10.986323240579505
-11.006460008173711
-11.006395408091974
-10.956331454011055
-10.956768139470944
-10.947200458076233
-10.997728453495471
-11.057751168960516
-11.077173657270912
-11.026401920698204
-11.026137901491222
-11.015876522476308
-11.035717757251545
-10.965360579679029
-10.98570697388224
-10.955849904143417
-10.966291405101982
-11.006628491050963
-10.976562206140454
-10.906796584079048
-10.907728618238258
-10.808651332055875
-10.760564818735316
-10.742959170547962
-10.735529578842483
-10.778174283054058
-10.770392540223517
-10.812688614821282
-10.83456172867307
-10.846216111386338
-10.747753950272475
-10.68027641076975
-10.653473646662052
-10.64693891019543
-10.600469521093476
-10.53446482588254
-10.579120177623716
-10.57332897584748
-10.557595686089003
-10.572019729228112
-10.60629953193583
-10.61023653661647
-10.634134171250306
-10.597792829537804
-10.601814901242426
-10.565796752230002
-10.550138784707702
-10.584637396860625
-10.548791022892019
-10.533303112663098
-10.517970081536467
-10.442790380721101
-10.42836247691389
-10.44407885214475
-10.409638063623303
-10.39554168298707
-10.371586266157198
-10.367870403495626
-10.25419169946067
-10.161649782466062
-10.1800332846414
-10.208232951794987
-10.206150622277036
-10.214089116054264
-10.191948224893721
-10.130028742644784
-10.108728455218337
-10.167641170666153
-10.135964758959492
-10.064605111369897
-9.993959060256197
-9.944019469653636
-9.9945792749571
-9.97463348220753
-9.934887147385455
-9.9255382759116
-9.936282893152484
-9.936920064220958
-9.817550863578749
-9.799375354942962
-9.811381601393531
-9.843267785379597
-9.884835107525802
-9.875986756450544
-9.897226888886038
-9.868254619997177
-9.819572073797206
-9.821376353059232
-9.77316258952864
-9.725430963633354
-9.67817665399702
-9.73139488745705
-9.73408093858248
-9.676740129196654
-9.649972727904688
-9.62347300062564
-9.617238270619383
-9.60106588791319
-9.665055229034058
-9.668404676743718
-9.68172062997628
-9.604903423676516
-9.53885438943975
-9.553465845545352
-9.477931187089897
-9.443151875218998
-9.468720356466807
-9.324033152902139
-9.310792821373118
-9.277684893159387
-9.274908044227793
-9.282158963785514
-9.23933737414766
-9.226944000406183
-9.25467456040212
-9.2321278147981
-9.269806536650119
-9.327108471283617
-9.333837386570782
-9.340499012705074
-9.387094022578024
-9.393223082352243
-9.39929085152872
-9.375297943013432
-9.381544963583298
-9.407729513947464
-9.41365221880799
-9.439515696619909
-9.43512053965371
-9.410769334257173
-9.4266616409146
-9.432395024505455
-9.4380710742604
-9.463690363517795
-9.429053459882617
-9.394762925283791
-9.390815296030953
-9.396907143070642
-9.412938071639935
-9.478808690923536
-9.314020604014301
-9.360880397974158
-9.347271593994417
-9.363798878054473
-9.290160889273928
-9.307259280381187
-9.274186687577375
-9.291444820701601
-9.328530372494585
-9.39524506876964
-9.421292618081942
-9.467079691901123
-9.442408894982112
-9.48798480603229
-9.483104957971968
-9.498273908392248
-9.523291169308324
-9.438058257615241
-9.39367767503909
-9.439740898288699
-9.495343489305812
-9.500390054412753
-9.565386153868625
-9.579732292329938
-9.593934969406638
-9.53799561971257
-9.522615663515444
-9.467389506880288
-9.432715611811485
-9.42838845569337
-9.464104571136437
-9.469463525425072
-9.43476889017082
-9.430421201269112
-9.386116989256422
-9.342255819363858
-9.37883326117022
-9.355044928558518
-9.341494479272933
-9.388079534480205
-9.284198739135403
-9.25135675174405
-9.288843184226609
-9.225954752384343
-9.1936952048605
-9.191758252811894
-9.239840670283776
-9.197442263580939
-9.16546784094513
-9.093813162535678
-9.09287503091032
-9.031946280601217
-9.051626817795203
-9.091110549617252
-9.10019944412108
-8.98919744967987
-9.02930547518307
-9.02901242043124
-8.978722296226927
-8.968935073264658
-8.939245722532013
-8.949853265306691
-8.950354732653624
-9.000851185327088
-8.950842673473817
-8.951334246739078
-8.951820904271687
-8.91230269522897
-8.92317966827668
-8.823947871593912
-8.775708392877972
-8.767951308949192
-8.690271795859699
-8.7133690779011
-8.756235387122091
-8.77867303325087
-8.710886302918361
-8.783777439889178
-8.795939665490286
-8.717980268835383
-8.78080046614703
-8.732992461485559
-8.775662536870703
-8.827905911501997
-8.879626852386977
-8.830830583863106
-8.782522278024475
-8.75469705524423
-8.71715008469179
-8.759978583844873
-8.612378798006423
-8.546255010026359
-8.580792459926094
-8.574984535326834
-8.579234689973566
-8.623442343073831
-8.657207919643092
-8.60063584044666
-8.554629482042193
-8.519083187221772
-8.523892355349554
-8.49865343179606
-8.513666897478098
-8.508530228503316
-8.543444926218282
-8.5380104769561
-8.512630372186539
-8.527504068464673
-8.502229027780027
-8.487206737502227
-8.462334670127206
-8.437711323425933
-8.523334210191674
-8.408100868089758
-8.33401985940886
-8.360679660814771
-8.377072864206623
-8.423302135564557
-8.34906911420891
-8.385578423066821
-8.361722638836154
-8.448105412447793
-8.413624358323316
-8.409488114740084
-8.295393233592684
-8.282439301256757
-8.20961490824419
-8.207518759161747
-8.235443571570128
-8.233089135854426
-8.220758244495881
-8.228550662050923
-8.226265155430413
-8.164002503876109
-8.132362478837349
-8.141038854048976
-8.149628465508485
-8.1281321808534
-8.146850859044866
-8.085382350454417
-8.054528526949873
-8.093983241680375
-8.09304340926357
-8.122112975170934
-8.060891845419224
-7.960282926965032
-7.980680097695381
-7.9408732967184275
-7.981464563751243
-8.04164991811373
-8.061233418932593
-8.080621084743267
-8.159814873895835
-8.198216725156875
-8.286234557905306
-8.303372212326252
-8.30033849020299
-8.237335105300959
-8.28496175424795
-8.282112136705472
-8.249291015338418
-8.266798105185034
-8.284130124133183
-8.31128882289185
-8.348175934662931
-8.314694175316303
-8.271547233563139
-8.258831761227507
-8.20624344361523
-8.244181009179078
-8.221739199087288
-8.119521807096415
-8.14832658902545
-8.156843323135195
-8.195274889903843
-8.253322141004805
-8.210788919594757
-8.248681030398808
-8.276194220094819
-8.283432277893871
-8.300597955114931
-8.287591975563782
-8.174716055808144
-8.202968895250061
-8.20093920629756
-8.188929814234585
-8.197040516092239
-8.225070110931316
-8.172819409822003
-8.161091215723783
-8.219480303566545
-8.177285500530878
-8.18551264552557
-8.193657519070314
-8.261720943879611
-8.329103734440816
-8.365812697096407
-8.442154570125444
-8.44773302442419
-8.413255694179949
-8.509123137238149
-8.504031905865768
-8.538991586807109
-8.553601670939038
-8.538065654229648
-8.582684997687352
-8.626858147710479
-8.610589566233374
-8.62448367057104
-8.678238833865331
-8.631456445526677
-8.63514188107141
-8.628790462260696
-8.63250255763809
-8.68617753206171
-8.699315756741091
-8.70232259917368
-8.695299373181943
-8.688346379450124
-8.751462915655623
-8.703948286499065
-8.596908803634074
-8.530939715597732
-8.625630318441754
-8.679374015257338
-8.702580275104763
-8.625554472353715
-8.599298927630178
-8.623305938353875
-8.597072878970337
-8.661102150180634
-8.584491128678827
-8.64864621739204
-8.69215975521812
-8.645238157665938
-8.678785776089278
-8.661997918328385
-8.705377939145102
-8.658324159753649
-8.671740918156113
-8.59502350897455
-8.589073273884805
-8.573182541145957
-8.557450715734499
-8.501876208577153
-8.35685744649138
-8.303288872026465
-8.210255983306201
-8.248153423473138
-8.305671889238408
-8.292615170346023
-8.259689018642563
-8.337092128456137
-8.313721207171575
-8.30058399509986
-8.25757815514886
-8.29500237359737
-8.322052349861396
-8.248831826362782
-8.266343508099153
-8.28368007301816
-8.18084327228798
-8.2490348395651
-8.236544491169449
-8.204179046257755
-8.162137255795177
-8.120515883237223
-8.179310724404852
-8.147517617160803
-8.086042440989194
-8.125182016579302
-8.163930196413508
-8.162290894449374
-8.13066798550488
-8.159361305649831
-8.167767692593333
-8.216090015667401
-8.213929115510727
-8.20178982435562
-8.089771926112064
-8.128874206850943
-8.137585464782434
-8.14620961013461
-8.194747514033265
-8.212800038892933
-8.220672038504004
-8.198465318118965
-8.216480664937775
-8.204315858288398
-8.172272699705514
-8.120549972708458
-8.189344472981373
-8.247451028251561
-8.144976517969045
-8.113526752789355
-8.07239148526146
-8.001667570408847
-8.051650894704759
-8.111134385757712
-8.160023041900136
-8.048422811481135
-8.047938583366323
-8.05745919753266
-8.076884605557334
-8.046115759501761
-8.045654601906744
-8.005198055887677
-7.9451460753287995
-7.845694614575512
-7.877237668429757
-7.898465291745459
-7.879480638828004
-7.930685832439724
-7.9813789741153265
-8.001565184374174
-7.9415495325304315
-7.982134037205127
-8.022312696833076
-8.012089569864745
-8.011968674166097
-7.991848987424436
-8.061930497550192
-8.09131119257469
-8.100398080648942
-8.049394099842452
-8.088900158844027
-8.078011157255586
-8.04723104568303
-8.0767587352262
-8.035991147873938
-8.065631236395198
-8.014974924031247
-7.9448251747909335
-7.9153769230430235
-7.846223153812593
-7.857760922274467
-7.869183313051723
-7.870491479921205
-7.841786565121993
-7.723368699470773
-7.666135012476064
-7.639473662351303
-7.7230789257277905
-7.635848136470512
-7.659489655105807
-7.642894758554748
-7.7464658109692
-7.709001152859508
-7.741911141330913
-7.784492029917604
-7.7866471096184275
-7.718780638522243
-7.68159283213702
-7.72477690381565
-7.717529134777494
-7.740353843429719
-7.732950304995422
-7.715620801945467
-7.708464593926013
-7.731379947986752
-7.764066148506885
-7.6064254870218155
-7.650361232151598
-7.603857619830082
-7.5878190436317805
-7.561940853195463
-7.566321444663508
-7.570658230216873
-7.644951647914705
-7.638502131435558
-7.602117110121203
-7.54609593901999
-7.56063497962979
-7.645028629833492
-7.618578343535157
-7.592392560099805
-7.616468634498807
-7.620303948153818
-7.67410090867228
-7.5373598995855575
-7.531986300589702
-7.576666437583805
-7.590899773207967
-7.434990775475887
-7.430640867721128
-7.436334459043917
-7.441971114453478
-7.437551403308944
-7.433175889275854
-7.418844130383095
-7.384655689079264
-7.390809132188472
-7.356901040866587
-7.403332030457921
-7.459298710153342
-7.464705723051808
-7.500058665821291
-7.555058079163078
-7.539507498371447
-7.594112423387732
-7.578171299153854
-7.6523895861623155
-7.505865690300692
-7.510807033397685
-7.575698963063708
-7.579941973433071
-7.56414255369874
-7.538501128161752
-7.543116116880135
-7.527684955711334
-7.5424081061542205
-7.526984025092678
-7.47171418484175
-7.5069970429933335
-7.5119270725634
-7.5368078018377656
-7.471439723819388
-7.476725326581194
-7.5419580733153815
-7.496538492582228
-7.521573107656405
-7.526357376579841
-7.501093802814043
-7.566082864785902
-7.460422036138043
-7.485817815776662
-7.450959637618896
-7.336450041242706
-7.353085540830279
-7.319554685421976
-7.256359138567756
-7.313795547182078
-7.300657591710257
-7.277651015793154
-7.3048745056352224
-7.19182576057887
-7.249907502973081
-7.227408427943351
-7.195134343663917
-7.183183000227277
-7.211351170225004
-7.239237658522754
-7.266845281937526
-7.314176829118151
-7.31103506082697
-7.3079247102187
-7.3048454631165125
-7.2917970084853465
-7.308879038400493
-7.335790248016488
-7.302432345536323
-7.25940802208096
-7.26681394186015
-7.244145802441548
-7.211704344417133
-7.249587300972962
-7.207091427963233
-7.2150205136836005
-7.242870308546764
-7.240441605461297
-7.248037189406684
-7.245556817512617
-7.133101249337491
-7.151770236844116
-7.120252534475675
-7.149050009130918
-7.087559509039608
-7.166683913949212
-7.17501707480972
-7.153266904061622
-7.161734235021006
-7.130116892670796
-7.168815723744088
-7.127127566506648
-7.115856290841581
-7.074697727933166
-7.113950750653834
-7.1728112431472955
-7.181083130715822
-7.189272299408664
-7.247379576414577
-7.224905780650431
-7.2726567228439265
-7.2999301556154865
-7.336930854059332
-7.363561545518738
-7.379925930063551
-7.226126670762915
-7.273865404055286
-7.301126750014733
-7.328115482514585
-7.304834327689439
-7.181785984412545
-7.119968124568419
-7.128768443322735
-7.1074807588895075
-7.106405951300613
-7.165341891787607
-7.163688472869731
-7.172051588141034
-7.120331072259623
-7.0991277615370265
-7.0681364839216565
-7.02745511908244
-7.0071805678916155
-7.0071087622127
-7.027037674590573
-6.996767297844667
-6.976799624866221
-6.957031628617559
-6.927461312331383
-6.988186699208069
-6.978304832215988
-7.038521783893828
-7.0481365660548905
-7.087655200394342
-7.076778648390398
-7.0860108619064945
-7.075150753287429
-7.064399245754554
-7.023755253297009
-7.003517700764038
-7.003482523756398
-6.973447698518834
-6.883713221533646
-6.914876089318309
-6.975727328425125
-6.935970055140874
-6.946610354589466
-6.9871442510435715
-7.027272808533136
-7.047000080447805
-7.016530079643326
-6.9563647788468925
-6.996801131058424
-7.016833119747839
-7.006664788550361
-6.966598140664857
-6.956932159258208
-6.947362837665625
-7.007889209288969
-7.007810317196079
-6.967732214024118
-6.938054891883877
-6.978674342965038
-7.048887599535387
-7.078398723540033
-7.027614736304632
-6.987338588941586
-7.0074652030521705
-7.047390551021649
-7.016916645511432
-7.016747479056318
-6.936580004265755
-6.937214204223098
-6.977842062180867
-6.9980636415590585
-6.958083005143468
-6.988502175092033
-6.938617153341112
-6.9692309818077005
-7.029538671989624
-7.069243285269728
-7.108550852417031
-7.0974653438928605
-7.116490690453932
-7.065325783549392
-7.114672525713898
-7.0835258004567585
-7.1526905424521905
-7.171163637027669
-7.129452000657392
-7.018157480650818
-7.0179759058443105
-6.987796146785867
-6.977918185318008
-6.978139003464828
-6.99835761343018
-6.978374037295878
-6.998590296922919
-6.95860439395369
-6.959018350014154
-6.879428166514012
-6.750633884848872
-6.8431275460003835
-6.8346962705403795
-6.886349307834976
-6.877485814756626
-6.768710956609059
-6.761023847042968
-6.753413608572538
-6.825879472486813
-6.847620677761944
-6.869144470984325
-6.850453026274481
-6.751948496011736
-6.774429011051619
-6.766684720941102
-6.769017873731691
-6.781327694994374
-6.80351441804443
-6.795479273863985
-6.757524481125346
-6.7599492363140925
-6.7823497439509515
-6.754526246511442
-6.706980984046327
-6.739911174205863
-6.632512062463805
-6.606186941839167
-6.580125072420775
-6.554323821696567
-6.528780583479601
-6.603492777644805
-6.547457849868357
-6.551983271369673
-6.476463438655976
-6.481698804269417
-6.486881816226723
-6.512012998064455
-6.466892868083811
-6.532223939402972
-6.476901700008942
-6.512132683008852
-6.477011356178764
-6.482241242616976
-6.467418830190806
-6.462744641888897
-6.518117195470008
-6.482936023515308
-6.448106663280155
-6.403625596647354
-6.44958934068088
-6.4650934472740715
-6.410442512801331
-6.376338087673318
-6.262574706796585
-6.289948959728618
-6.277049470131332
-6.314278975430018
-6.301136185675718
-6.218124823818961
-6.2259435755807715
-6.273684139824964
-6.120947298426715
-6.039737825442447
-6.079340447188023
-6.078547042716142
-6.127761572288981
-6.0064839565660915
-5.98641911700043
-6.076554925830426
-6.105789376572122
-6.0647314828064
-6.044084167978336
-6.043643326298552
-6.0632068930355665
-6.042574824105211
-6.022149075864159
-6.011927585105517
-6.001808309254462
-6.101790226161917
-6.090772323900298
-6.1298646006612945
-6.108565954654681
-6.127480295108135
-6.026205492157053
-6.085943437235483
-6.085084002863128
-6.094233162834497
-6.153290831206152
-6.081757922894091
-6.070940343665149
-6.1002309402284975
-6.079228630826212
-6.078436344517949
-5.987651981072769
-5.937775461262041
-6.028397706649421
-6.048113729582926
-6.0176325922870975
-6.017456266364226
-5.967281703700583
-5.967608886663577
-5.997932797796941
-6.047953469818972
-6.107473935120782
-6.006399195769575
-6.0463352038118785
-6.05587185177376
-6.095313133256021
-6.124360001923461
-6.163116401904226
-6.151485237885184
-6.079970385506332
-6.099170681651269
-6.168178974834756
-6.1464971850864085
-6.105032213235544
-6.113981891103189
-6.062842072192157
-6.052213651470235
-5.981691514955533
-6.001874599805977
-6.021855853807917
-5.891637295269837
-5.882720922317139
-5.8838937130939675
-5.945054775963028
-5.925604228203397
-5.976348185921363
-5.94658470406215
-5.917118857021528
-5.837947668451313
-5.829568191766799
-5.691272509849131
-5.644359784750639
-5.677916186903133
-5.651137025034101
-5.56462565478376
-5.388979398235922
-5.475089604253562
-5.360338708211027
-5.396735321128917
-5.332767967917627
-5.379440288238451
-5.415645885356066
-5.341489426502506
-5.368074532237482
-5.374393786915107
-5.250649849045955
-5.218143350555495
-5.20596191704994
-5.25390229787944
-5.301363274900646
-5.348349642151638
-5.304866145730122
-5.331817484272821
-5.328499309430093
-5.345214316335793
-5.261762173172435
-5.16914455144071
-5.177453105926302
-5.255678574867039
-5.283121789118368
-5.330290571227184
-5.306987665514913
-5.363917788859764
-5.400278610971166
-5.436275824861454
-5.441913066612839
-5.4274939359467105
-5.4132189965872435
-5.439086806621371
-5.464695938555157
-5.490048979169606
-5.535148489377909
-5.40979700448413
-5.475699034439288
-5.500942044094896
-5.565932623653947
-5.460273297417408
-5.355670564443234
-5.382113858798802
-5.338292720210814
-5.244909793008706
-5.132460695078619
-5.221136088127832
-5.1589247272465535
-5.147335479974088
-5.075862125174347
-5.085103503922603
-5.074252468883377
-5.153509944194543
-5.161974844752597
-5.260355096305071
-5.29775154534202
-5.2847740298886
-5.201926289589713
-5.2099070266938154
-5.217807956426877
-5.125629876862608
-5.194373578093982
-5.082429842313043
-5.061605543889913
-4.980989488451013
-4.961179593566503
-5.0015677976308375
-4.991552119654529
-5.041636598457984
-5.101220232473405
-4.990208030148671
-4.990305949847184
-5.080402890348712
-5.1095988614452255
-5.178502872830773
-5.096717844102465
-5.1757506656614405
-5.143993159004825
-5.162553227414778
-5.14092769514063
-5.129518418189224
-5.1082232340073315
-5.097141001667258
-5.0361695916505855
-5.065807895734079
-5.005149816776739
-5.0450983186089715
-5.094647335422882
-5.163700862068652
-5.182063853447966
-5.2002432149134865
-5.198240782764351
-5.2062583749367075
-5.23419579118734
-5.241853833275466
-5.219435294942712
-5.257240941993285
-5.224668532573351
-5.232421847247617
-5.300097628775141
-5.1970966524873905
-5.205125685962516
-5.263074429102891
-5.280443684811862
-5.297639247963744
-5.294662855484106
-5.211716226929265
-5.219599064659971
-5.2174030740133714
-5.195229043273238
-5.223276752840506
-5.2110439853121004
-5.0789335454589795
-5.03814421000439
-4.957762767904345
-4.948185140225302
-4.938703288823049
-4.979316255934819
-4.98952309337547
-5.019627862441715
-5.069431583817297
-4.958737267979124
-4.959149895299333
-4.94955839634634
-4.930062812382877
-4.960762184259048
-4.921154562416457
-5.001943016792293
-5.06192358662437
-5.051304350758126
-5.080791307250545
-5.1399833941780395
-5.108583560236259
-5.0674977246338955
-5.036822747387556
-4.94645451991368
-4.986989974714543
-4.967120074967398
-4.937448874217724
-4.948074385475546
-4.95859364162079
-4.929007705204581
-4.959717628152536
-4.94012045187101
-4.9007192473523
-4.911712054878777
-4.912594934329989
-4.803468984986689
-4.725434295136822
-4.768179952185453
-4.770498152663598
-4.682793171136962
-4.665965239425592
-4.749305587031336
-4.761812531161023
-4.754194405849413
-4.816652461790919
-4.868485937173009
-4.949801077801279
-4.950303067023266
-4.990800036353033
-5.040892035989502
-5.1104831156296076
-5.139378284473311
-5.057984501628578
-5.087404656612292
-5.056530610046169
-5.075965303945707
-4.995205650906249
-4.935253594397187
-4.975901058453215
-4.956142047868683
-5.026580627389996
-5.036314821116096
-4.975951672904936
-4.906192156175886
-4.897130234614128
-4.888158932267987
-4.919277342945307
-4.940084569515854
-4.910683723820695
-4.911576886582488
-4.922461117716662
-4.893236506539496
-4.834304141474101
-4.83596110005936
-4.9076014890587665
-4.948525474168179
-4.989040219426497
-5.059149817232232
-4.908558319059909
-4.939472735869311
-4.9500780085106175
-4.850577228425512
-4.942071456141257
-4.942650741579844
-4.973224234164046
-4.973491991822405
-4.963757071904181
-5.074119501185139
-5.123378306173287
-5.202144523111555
-5.210123077880438
-5.248021847101634
-5.275541628630617
-5.202786212344312
-5.180758350220868
-5.16895076671866
-5.207261259051473
-5.165188646460957
-5.263536759996348
-5.190901392396385
-5.2589923784724215
-5.166402454687697
-5.2147384301408195
-5.142591045839412
-5.211165135381018
-5.189053484027208
-5.177162949186936
-5.175391319695066
-5.173637406498115
-5.221901032433134
-5.199682022108803
-5.0676852018877145
-4.997008349868838
-5.04703826637015
-5.046567883706448
-5.106102204869384
-5.16504118282069
-5.083390770992483
-5.122556863282558
-5.051331294649732
-5.090817981703235
-5.049909801886202
-5.109410703867341
-5.108316596828667
-5.11723343086038
-5.146061096551776
-5.024600485586258
-5.054354480730395
-5.123810935923091
-5.15257282656386
-5.171047098298222
-5.139336627315239
-5.127943261042087
-5.006663828431665
-4.966597190147348
-4.946931218245875
-4.857461906063416
-4.768887287002782
-4.811198414132754
-4.863086429991426
-4.894455565691511
-4.885511010034596
-4.91665589993425
-4.947489340934908
-4.8680144475255585
-4.889334303050303
-4.8304409600198
-4.6721365504196015
-4.705415184915405
-4.738361033066251
-4.660977422735589
-4.664367648508232
-4.637723972023149
-4.631346732302918
-4.625033264979888
-4.648782932330089
-4.672295103006789
-4.605572151976721
-4.579516430456954
-4.653721266152384
-4.61718405349086
-4.561012212955951
-4.5654020908263915
-4.569748069918127
-4.584050589218945
-4.578210083326756
-4.632427982493487
-4.496103702668552
-4.411142665641867
-4.3970312389854485
-4.4630609265955945
-4.488430317329639
-4.463546014156342
-4.528910554014779
-4.4636214484746315
-4.458985233989885
-4.434395381649986
-4.430051427833486
-4.295750913555151
-4.162793404419599
-4.211165470375403
-4.14905381567165
-4.157563277514933
-4.245987644739784
-4.283527768292386
-4.250692490609461
-4.1881855657033675
-4.2163037100463345
-4.264140672945871
-4.341499266216412
-4.288084273554248
-4.195203430818705
-4.143251396510519
-4.071818882545413
-3.991100693719959
-4.0511896867827595
-4.120677789914932
-4.189471012015783
-4.227576301895626
-4.21530053887667
-4.213147533487903
-4.291016058153024
-4.308105897571493
-4.325024838595778
-4.29177459020982
-4.268856844307721
-4.256168275864644
