-20.0
-20.0
-20.01
-20.019900000000003
-20.029701000000003
-20.039403990000004
-20.049009950100004
-20.048519850599003
-20.058034652093014
-20.057454305572083
-20.06687976251636
-20.0762109648912
-20.085448855242287
-20.094594366689865
-20.103648423022968
-20.102611938792737
-20.10158581940481
-20.110569961210764
-20.09946426159866
-20.08846961898267
-20.097584922792844
-20.106609073564915
-20.105542982829263
-20.09448755300097
-20.103542677470962
-20.092507250696254
-20.101582178189293
-20.1105663564074
-20.119460692843326
-20.128266085914895
-20.136983425055746
-20.13561359080519
-20.144257454897136
-20.142814880348165
-20.151386731544683
-20.159872864229236
-20.168274135586945
-20.166591394231073
-20.174925480288763
-20.173176225485875
-20.171444463231015
-20.169730018598706
-20.168032718412718
-20.17635239122859
-20.174588867316302
-20.16284297864314
-20.16121454885671
-20.15960240336814
-20.16800637933446
-20.15632631554112
-20.16476305238571
-20.16311542186185
-20.171484267643233
-20.179769424966803
-20.167971730717138
-20.156292013409967
-20.164729093275866
-20.163081802343108
-20.161450984319675
-20.16983647447648
-20.158138109731716
-20.1565567286344
-20.164991161348055
-20.163341249734575
-20.161707837237227
-20.170090758864855
-20.178389851276208
-20.176605952763445
-20.18483989323581
-20.192991494303453
-20.20106157936042
-20.209050963566817
-20.19696045393115
-20.20499084939184
-20.212940940897923
-20.220811531488945
-20.228603416174057
-20.236317382012317
-20.23395420819219
-20.231614666110268
-20.239298519449164
-20.246905534254672
-20.254436478912126
-20.261892114123004
-20.269273192981775
-20.266580461051955
-20.273914656441438
-20.281175509877023
-20.288363754778253
-20.295480117230472
-20.30252531605817
-20.309500062897587
-20.31640506226861
-20.323241011645926
-20.320008601529466
-20.326808515514173
-20.333540430359033
-20.340205026055443
-20.34680297579489
-20.35333494603694
-20.339801596576574
-20.346403580610808
-20.3429395448047
-20.339510149356652
-20.326115047863087
-20.332853897384457
-20.32952535841061
-20.336230104826505
-20.34286780377824
-20.34943912574046
-20.345944734483055
-20.342485287138224
-20.33906043426684
-20.33566982992417
-20.34231313162493
-20.33889000030868
-20.345501100305594
-20.35204608930254
-20.338525628409517
-20.34514037212542
-20.35168896840417
-20.358172078720127
-20.364590357932926
-20.370944454353598
-20.37723500981006
-20.373462659711958
-20.37972803311484
-20.385930752783693
-20.382071445255857
-20.3882507308033
-20.394368223495267
-20.400424541260314
-20.406420295847713
-20.402356092889235
-20.398332531960342
-20.404349206640738
-20.41030571457433
-20.406202657428587
-20.4021406308543
-20.39811922454576
-20.3941380323003
-20.4001966519773
-20.40619468545753
-20.412132738602953
-20.418011411216924
-20.403831297104755
-20.40979298413371
-20.41569505429237
-20.421538103749448
-20.427322722711953
-20.433049495484834
-20.438719000529986
-20.434331810524686
-20.439988492419438
-20.445588607495246
-20.451132721420294
-20.456621394206092
-20.45205518026403
-20.45753462846139
-20.462959282176776
-20.46832968935501
-20.46364639246146
-20.469009928536845
-20.454319829251478
-20.459776630958963
-20.465178864649374
-20.47052707600288
-20.46582180524285
-20.46116358719042
-20.456551951318513
-20.451986431805327
-20.44746656748727
-20.4529919018124
-20.458461982794276
-20.45387736296633
-20.459338589336667
-20.4547452034433
-20.460197751408867
-20.44559577389478
-20.451139816155834
-20.446628417994276
-20.452162133814333
-20.45764051247619
-20.46306410735143
-20.468433466277915
-20.473749131615136
-20.479011640298985
-20.484221523895997
-20.46937930865704
-20.47468551557047
-20.469938660414766
-20.47523927381062
-20.47048688107251
-20.475782012261785
-20.471024192139165
-20.46631395021777
-20.461650810715593
-20.467034302608436
-20.46236395958235
-20.46774031998653
-20.473062916786663
-20.468332287618797
-20.463648964742607
-20.46901247509518
-20.47432235034423
-20.44957912684079
-20.44508333557238
-20.440632502216655
-20.44622617719449
-20.441763915422545
-20.43734627626832
-20.422972813505638
-20.41874308537058
-20.41455565451687
-20.400410097971704
-20.38640599699199
-20.39254193702207
-20.39861651765185
-20.39463035247533
-20.390684048950575
-20.37677720846107
-20.363009436376462
-20.3493793420127
-20.355885548592575
-20.36232669310665
-20.368703426175582
-20.365016391913827
-20.361366227994687
-20.35775256571474
-20.35417504005759
-20.360633289657017
-20.357026956760446
-20.353456687192843
-20.34992212032091
-20.3464228991177
-20.332958670126526
-20.32962908342526
-20.33633279259101
-20.332969464665098
-20.329639770018446
-20.33634337231826
-20.32297993859508
-20.319750139209127
-20.326552637817038
-20.323287111438866
-20.33005424032448
-20.336753697921235
-20.343386160942025
-20.349952299332607
-20.35645277633928
-20.36288824857589
-20.35925936609013
-20.36566677242923
-20.362010104704936
-20.318390003657886
-20.30520610362131
-20.292154042585096
-20.289232502159244
-20.29634017713765
-20.293376775366273
-20.29044300761261
-20.28753857753648
-20.274663191761118
-20.271916559843504
-20.26919739424507
-20.27650542030262
-20.27374036609959
-20.281002962438595
-20.278192932814207
-20.265411003486065
-20.272756893451206
-20.260029324516694
-20.26742903127153
-20.274754740958816
-20.272007193549225
-20.239287121613735
-20.2268942503976
-20.214625307893623
-20.202479054814688
-20.20045426426654
-20.198449721623874
-20.186465224407637
-20.18460057216356
-20.182754566441925
-20.190927020777508
-20.179017750569734
-20.16722757306404
-20.1555552973334
-20.153999744360064
-20.142459746916465
-20.1410351494473
-20.139624797952827
-20.1282285499733
-20.13694626447357
-20.145576801828835
-20.134121033810548
-20.14277982347244
-20.141352025237715
-20.10993850498534
-20.118839119935487
-20.11765072873613
-20.11647422144877
-20.11530947923428
-20.10415638444194
-20.07311482059752
-20.072383672391545
-20.08165983566763
-20.08084323731095
-20.090034804937844
-20.099134456888464
-20.07814311231958
-20.087361681196384
-20.09648806438442
-20.085523183740577
-20.094667951903173
-20.09372127238414
-20.062784059660302
-20.0721562190637
-20.081434656873064
-20.080620310304333
-20.069814107201292
-20.069115966129278
-20.068424806467984
-20.067740558403305
-20.06706315281927
-20.046392521291075
-20.045928596078163
-20.03546931011738
-20.025114617016207
-20.014863470846045
-20.004714836137584
-20.00466768777621
-19.99462101089845
-19.984674800789467
-19.98482805278157
-19.98497977225375
-19.985129974531212
-19.9952786747859
-19.995325888038042
-19.99537262915766
-19.995418902866085
-19.985464713837427
-19.995610066699054
-19.985653966032064
-19.985797426371743
-19.975939452108026
-19.976180057586944
-19.986418257011074
-19.986554074440964
-19.966688533696555
-19.97702164835959
-19.967251431875994
-19.967578917557233
-19.977903128381662
-19.968124097097846
-19.968442856126867
-19.9587584275656
-19.949170843289945
-19.939679134857048
-19.95028234350848
-19.940779520073395
-19.95137172487266
-19.951858007623933
-19.932339427547692
-19.923016033272216
-19.883785872939495
-19.8849480142101
-19.886098534067997
-19.887237548727317
-19.898365173240045
-19.889381521507644
-19.870487706292568
-19.87178282922964
-19.843065000937347
-19.844634350927972
-19.846188007418693
-19.847726127344504
-19.829248866071058
-19.810956377410346
-19.81284681363624
-19.814718345499877
-19.82657116204488
-19.83830545042443
-19.849922395920185
-19.861423171960983
-19.872808940241374
-19.88408085083896
-19.88524004233057
-19.896387641907264
-19.897423765488192
-19.908449527833312
-19.889365032554977
-19.890471382229425
-19.88156666840713
-19.882751001723058
-19.893923491705827
-19.894984256788767
-19.89603441422088
-19.887074070078672
-19.888203329377884
-19.869321296084106
-19.870628083123265
-19.881921802292034
-19.873102584269116
-19.884371558426427
-19.895527842842164
-19.89657256441374
-19.887606838769607
-19.85873077038191
-19.850143462678094
-19.861642028051314
-19.853025607770803
-19.854495351693096
-19.845950398176168
-19.847490894194404
-19.859015985252462
-19.870425825399938
-19.86172156714594
-19.85310435147448
-19.844573307959738
-19.84612757488014
-19.83766629913134
-19.839289636140023
-19.830896739778623
-19.84258777238084
-19.854161894657032
-19.85562027571046
-19.857064072953357
-19.85849343222382
-19.849908497901584
-19.86140941292257
-19.872795318793344
-19.87406736560541
-19.885326691949356
-19.896473425029864
-19.857508690779564
-19.86893360387177
-19.85024426783305
-19.851741825154722
-19.853224406903173
-19.83469216283414
-19.8163452412058
-19.788181788793743
-19.770299970905803
-19.782596971196746
-19.784771001484778
-19.77692329146993
-19.779154058555232
-19.78136251796968
-19.793548892789982
-19.77561340386208
-19.75785726982346
-19.760278697125226
-19.772675910153975
-19.754949151052436
-19.73739965954191
-19.72002566294649
-19.732825406317026
-19.745497152253858
-19.728042180731318
-19.740761758924005
-19.733354141334768
-19.73602059992142
-19.718660393922207
-19.721473789982984
-19.724259052083152
-19.73701646156232
-19.729646296946697
-19.74234983397723
-19.744926335637455
-19.75747707228108
-19.749902301558272
-19.752403278542687
-19.76487924575726
-19.777230453299687
-19.77945814876669
-19.781663567279022
-19.78384693160623
-19.776008462290168
-19.758248377667265
-19.76066589389059
-19.763059234951683
-19.765428642602167
-19.767774356176144
-19.780096612614383
-19.79229564648824
-19.784372690023357
-19.776528963123123
-19.718763673491893
-19.711576036756973
-19.684460276389405
-19.697615673625513
-19.69063951688926
-19.70373312172037
-19.716695790503167
-19.709528832598135
-19.702433544272154
-19.71540920882943
-19.718255116741137
-19.721072565573724
-19.73386183991799
-19.73652322151881
-19.709157989303623
-19.722066409410587
-19.72484574531648
-19.717597287863317
-19.690421314984686
-19.69351710183484
-19.69658193081649
-19.699616111508323
-19.71261995039324
-19.675493750889306
-19.668738813380415
-19.67205142524661
-19.665330910994147
-19.668677601884205
-19.67199082586536
-19.64527091760671
-19.64881820843064
-19.642330026346336
-19.655906726082872
-19.659347658822043
-19.642754182233823
-19.636326640411486
-19.62996337400737
-19.633663740267295
-19.607327102864623
-19.611253831835977
-19.60514129351762
-19.599089880582444
-19.59309898177662
-19.59716799195885
-19.581196312039264
-19.595384348918873
-19.589430505429686
-19.58353620037539
-19.587700838371635
-19.58182382998792
-19.58600559168804
-19.58014553577116
-19.584344080413448
-19.56850063960931
-19.56281563321322
-19.577187476881086
-19.581415602112273
-19.595601446091152
-19.59964543163024
-19.61364897731394
-19.607512487540802
-19.601437362665397
-19.575422989038746
-19.56966875914836
-19.54397207155688
-19.54853235084131
-19.523047027332897
-19.527816557059566
-19.53253839148897
-19.52721300757408
-19.53194087749834
-19.536621468723354
-19.511255254036122
-19.51614270149576
-19.490981274480802
-19.506071461735996
-19.491010747118636
-19.496100639647448
-19.501139633250972
-19.48612823691846
-19.471266954549275
-19.446554285003785
-19.422088742153747
-19.42786785473221
-19.433589176184885
-19.419253284423036
-19.425060751578805
-19.430810144063017
-19.40650204262239
-19.402437022196168
-19.39841265197421
-19.404428525454467
-19.400384240199923
-19.40638039779792
-19.422316593819943
-19.418093427881743
-19.383912493602924
-19.390073368666894
-19.376172634980225
-19.382410908630423
-19.37858679954412
-19.38480093154868
-19.38095292223319
-19.34714339301086
-19.36367195908075
-19.360035239489946
-19.33643488709505
-19.3330705382241
-19.32973983284186
-19.346442434513442
-19.352978010168307
-19.369448230066624
-19.375753747765955
-19.381996210288296
-19.388176248185413
-19.374294485703558
-19.390551540846523
-19.386646025438058
-19.392779565183677
-19.37885176953184
-19.375063251836522
-19.361312619318156
-19.337699493124976
-19.354322498193728
-19.350779273211792
-19.347271480479677
-19.36379876567488
-19.37016077801813
-19.38645917023795
-19.39259457853557
-19.378668632750212
-19.38488194642271
-19.40103312695848
-19.407022795688896
-19.412952567732006
-19.398823042054687
-19.40483481163414
-19.420786463517796
-19.426578598882617
-19.442312812893793
-19.437889684764855
-19.453510787917207
-19.458975680038034
-19.424385923237654
-19.430142064005278
-19.415840643365225
-19.411682236931576
-19.40756541456226
-19.40348976041664
-19.389454862812475
-19.38556031418435
-19.381704711042506
-19.36788766393208
-19.36420878729276
-19.350566699419833
-19.337061032425634
-19.34369042210138
-19.350253517880365
-19.33675098270156
-19.333383472874544
-19.2900496381458
-19.287149141764342
-19.2842776503467
-19.29143487384323
-19.278520525104796
-19.285735319853746
-19.292877966655208
-19.289949186988657
-19.28704969511877
-19.284179198167585
-19.29133740618591
-19.25842403212405
-19.24583979180281
-19.25338139388478
-19.250847579945933
-19.248339104146474
-19.25585571310501
-19.27329715597396
-19.28056418441422
-19.26775854257008
-19.265080957144377
-19.272430147572933
-19.239705846097205
-19.227308787636233
-19.24503569975987
-19.26258534276227
-19.24995948933465
-19.197459894441305
-19.175485295496895
-19.153730442541928
-19.15219313811651
-19.150671206735346
-19.149164494667993
-19.137672849721312
-19.1562961212241
-19.164733160011856
-19.153085828411736
-19.14155497012762
-19.150139420426342
-19.12863802622208
-19.13735164595986
-19.135978129500263
-19.13461834820526
-19.123272164723208
-19.112039443075975
-19.110919048645215
-19.099809858158764
-19.098811759577178
-19.087823641981405
-19.066945405561594
-19.04627595150598
-19.04581319199092
-19.04535506007101
-19.0249015094703
-19.034652494375596
-18.98430596943184
-18.984462909737523
-18.994618280640147
-19.014672097833746
-19.00452537685541
-18.994480123086852
-19.004535321855982
-19.004489968637422
-19.014445068951048
-19.024300618261538
-18.994057612078922
-18.974117035958134
-18.994375865598553
-19.004432106942566
-19.02438778587314
-19.024143908014413
-19.01390246893427
-19.003763444244925
-19.013725809802473
-19.033588551704447
-19.043252666187403
-19.03282013952553
-19.042491938130272
-19.06206701874897
-19.07144634856148
-19.090731885075865
-19.089824566225108
-19.098926320562857
-19.107937057357226
-19.106857686783655
-19.08578910991582
-19.05493121881666
-19.054381906628493
-19.043838087562207
-19.063399706686585
-19.08276570961972
-19.071938052523524
-19.06121867199829
-19.070606485278308
-19.059900420425524
-19.03930141622127
-19.03890840205906
-19.04851931803847
-19.058034124858082
-19.037453783609504
-19.03707924577341
-19.046708453315674
-19.046241368782518
-19.045778955094693
-19.015321165543746
-19.01516795388831
-19.015016274349428
-18.994866111605933
-19.004917450489874
-19.024868275984975
-19.034619593225123
-19.024273397292873
-19.024030663319945
-19.033790356686744
-19.023452453119877
-19.02321792858868
-19.002985749302795
-19.00295589180977
-18.99292633289167
-18.972997069562755
-18.99326709886713
-19.003334427878457
-19.003301083599673
-19.013268072763676
-19.03313539203604
-19.032804038115682
-19.042475997734524
-19.052051237757176
-19.051530725379607
-19.05101541812581
-19.060505263944552
-19.07990021130511
-19.069101209192056
-19.088410197100135
-19.077526095129134
-19.066750834177842
-19.066083325836065
-19.075422492577705
-19.084668267651928
-19.10382158497541
-19.102783369125657
-19.091755535434398
-19.080837980080055
-19.080029600279257
-19.059229304276467
-19.0486370112337
-19.048150641121364
-19.03766913471015
-19.047292443363048
-19.02681951892942
-19.006551323740126
-19.026485810502727
-19.0062209523977
-19.026158742873726
-19.01589715544499
-19.03573818389054
-18.995380802051635
-18.96542699403112
-18.965772724090808
-18.9861149968499
-19.0062538468814
-19.006191308412586
-18.97612939532846
-18.976368101375176
-18.976604420361426
-18.97683837615781
-18.977069992396235
-18.987299292472272
-18.99742629954755
-19.00745203655207
-18.99737751618655
-19.00740374102468
-18.987329703614435
-18.987456406578293
-18.94758184251251
-18.88810602408738
-18.899224963846507
-18.870232714208043
-18.88153038706596
-18.872715083195303
-18.86398793236335
-18.865348053039718
-18.84669457250932
-18.838227626784228
-18.829845350516386
-18.84154689701122
-18.843131428041108
-18.854700113760696
-18.86615311262309
-18.867491581496857
-18.88881666568189
-18.88992849902507
-18.891029214034823
-18.912118921894475
-18.93299773267553
-18.933667755348775
-18.944331077795287
-18.944887767017335
-18.95543888934716
-18.945884500453687
-18.93642565544915
-18.95706139889466
-18.957490784905712
-18.977915877056656
-18.98813671828609
-18.99825535110323
-18.998272797592197
-18.998290069616274
-19.008307168920112
-19.00822409723091
-19.028141856258603
-19.017860437696015
-18.977681833319053
-18.957905014985865
-18.948325964836005
-18.948842705187648
-18.949354278135772
-18.919860735354415
-18.920662128000874
-18.90145550672087
-18.90244095165366
-18.89341654213712
-18.89448237671575
-18.915537552948592
-18.89638217741911
-18.907418355644918
-18.90834417208847
-18.899260730367583
-18.90026812306391
-18.91126544183327
-18.912152787414936
-18.883031259540786
-18.87420094694538
-18.885458937475924
-18.906604348101165
-18.91753830462015
-18.92836292157395
-18.91907929235821
-18.889888499434626
-18.89098961444028
-18.87207971829588
-18.88335892111292
-18.87452533190179
-18.885780078582773
-18.896922277796943
-18.867953055018972
-18.859273524468783
-18.860680789224098
-18.852073981331856
-18.863553241518535
-18.854917709103347
-18.856368532012315
-18.827804846692192
-18.79952679822527
-18.811531530243016
-18.79341621494059
-18.80548205279118
-18.78742723226327
-18.809552959940635
-18.82145743034123
-18.813242856037817
-18.825110427477437
-18.836859323202663
-18.808490729970636
-18.78040582267093
-18.772601764444218
-18.754875746799776
-18.75732698933178
-18.749753719438463
-18.742256182244077
-18.724833620421638
-18.73758528421742
-18.690209431375248
-18.693307337061498
-18.696374263690885
-18.679410521053978
-18.682616415843437
-18.685790251685003
-18.678932349168154
-18.672143025676473
-18.67542159541971
-18.648667379465515
-18.632180705670862
-18.625858898614155
-18.619600309628012
-18.623404306531732
-18.607170263466415
-18.611098560831753
-18.604987575223436
-18.6289376994712
-18.64264832247649
-18.636221839251725
-18.599859620859206
-18.623861024650616
-18.607622414404112
-18.591546190260072
-18.575630728357474
-18.5998744210739
-18.60387567686316
-18.56783692009453
-18.552158550893584
-18.566636965384646
-18.530970595730796
-18.53566088977349
-18.530304280875754
-18.535001238066997
-18.549651225686326
-18.534154713429462
-18.538813166295167
-18.553425034632216
-18.577890784285895
-18.572111876443035
-18.576390757678606
-18.57062685010182
-18.564920581600802
-18.569271375784794
-18.553578662026947
-18.568042875406675
-18.55236244665261
-18.526838822186082
-18.52157043396422
-18.52635472962458
-18.531091182328336
-18.525780270505052
-18.530522467800004
-18.555217243122005
-18.569665070690785
-18.563968419983876
-18.528328735784036
-18.523045448426195
-18.527814993941934
-18.532536844002514
-18.547211475562488
-18.56173936080686
-18.586121967198793
-18.580260747526804
-18.584458140051538
-18.588613558651023
-18.58272742306451
-18.596900148833864
-18.560931147345524
-18.575321835872067
-18.55956861751335
-18.543972931338217
-18.518533202024834
-18.483347870004582
-18.478514391304536
-18.49372924739149
-18.488791954917573
-18.503904035368397
-18.528864995014715
-18.513576345064568
-18.518440581613923
-18.53325617579778
-18.547923614039803
-18.522444377899404
-18.537219934120408
-18.511847734779202
-18.53672925743141
-18.5413619648571
-18.52594834520853
-18.530688861756445
-18.515381973138883
-18.520228153407494
-18.49502587187342
-18.510075613154683
-18.494974857023138
-18.490025108452905
-18.515124857368377
-18.499973608794694
-18.474973872706748
-18.460224133979683
-18.435621892639887
-18.461265673713488
-18.466653016976355
-18.451986486806593
-18.447466621938528
-18.432991955719142
-18.398662036161948
-18.39467541580033
-18.390728661642324
-18.3868213750259
-18.40295316127564
-18.388923629662884
-18.395034393366256
-18.391084049432592
-18.387173208938265
-18.38330147684888
-18.379468462080393
-18.38567377745959
-18.341817039684994
-18.348398869288143
-18.354914880595263
-18.361365731789313
-18.33775207447142
-18.314374553726708
-18.30123080818944
-18.318218500107545
-18.30503631510647
-18.301985951955405
-18.29896609243585
-18.305976431511493
-18.28291666719638
-18.310087500524414
-18.32698662551917
-18.323716759263977
-18.31047959167134
-18.297374795754628
-18.26440104779708
-18.281757037319107
-18.278939466945914
-18.276150072276454
-18.293388571553688
-18.31045468583815
-18.31735013897977
-18.31417663758997
-18.31103487121407
-18.31792452250193
-18.30474527727691
-18.331697824504143
-18.3483808462591
-18.36489703779651
-18.381248067418543
-18.377435586744358
-18.393661230876912
-18.419724618568143
-18.43552737238246
-18.441172098658637
-18.426760377672053
-18.412492773895334
-18.418367846156382
-18.414184167694817
-18.43004232601787
-18.42574190275769
-18.411484483730113
-18.397369638892815
-18.423395942503888
-18.399161983078848
-18.41517036324806
-18.41101865961558
-18.416908473019422
-18.44273938828923
-18.44831199440634
-18.45382887446228
-18.409290585717656
-18.41519767986048
-18.381045703061872
-18.407235246031256
-18.403162893570943
-18.409131264635235
-18.395039951988885
-18.371089552468995
-18.367378656944304
-18.36370487037486
-18.33006782167111
-18.3467671434544
-18.353299472019856
-18.349766477299656
-18.34626881252666
-18.342806124401392
-18.319378063157377
-18.326184282525805
-18.342922439700548
-18.33949321530354
-18.316098283150506
-18.312937300319
-18.31980792731581
-18.306609848042655
-18.31354374956223
-18.320408312066608
-18.29720422894594
-18.30423218665648
-18.301189864789915
-18.258177966142018
-18.2655961864806
-18.242940224615793
-18.190510822369635
-18.19860571414594
-18.196619657004483
-18.164653460434437
-18.173006925830094
-18.181276856571795
-18.18946408800608
-18.19756944712602
-18.185593752654764
-18.183737815128215
-18.211900436976933
-18.199781432607164
-18.197783618281093
-18.185805782098285
-18.163947724277303
-18.172308247034533
-18.190585164564187
-18.208679312918544
-18.21659251978936
-18.214426594591465
-18.18228232864555
-18.200459505359092
-18.208454910305502
-18.216370361202447
-18.194206657590424
-18.19226459101452
-18.170341945104376
-18.178638525653334
-18.1868521403968
-18.184983618992835
-18.183133782802905
-18.191302444974877
-18.189389420525128
-18.177495526319877
-18.16572057105668
-18.124063365346114
-18.132822731692652
-18.151494504375727
-18.129979559331968
-18.13867976373865
-18.137292966101263
-18.11592003644025
-18.084760836075848
-18.08391322771509
-18.09307409543794
-18.09214335448356
-18.101221920938727
-18.10020970172934
-18.109207604712047
-18.108115528664925
-18.107034373378276
-18.095964029644495
-18.08500438934805
-18.07415434545457
-18.093412802000024
-18.082478673980027
-18.071653887240227
-18.040937348367823
-18.030527974884148
-18.030222695135304
-18.02992046818395
-18.01962126350211
-18.02942505086709
-18.03913080035842
-18.028739492354838
-18.01845209743129
-18.038267576456978
-18.037884900692408
-18.047506051685485
-18.017030991168628
-18.01686068125694
-18.046692074444373
-18.06622515369993
-18.05556290216293
-18.0550072731413
-18.034457200409886
-18.004112628405785
-18.004071502121725
-17.96403078710051
-17.954390479229506
-17.96484657443721
-17.95519810869284
-17.925646127605912
-17.876389666329853
-17.857625769666555
-17.84904951196989
-17.85055901685019
-17.85205342668169
-17.863532892414874
-17.864897563490725
-17.886248587855818
-17.87738610197726
-17.848612240957486
-17.840126118547914
-17.83172485736244
-17.813407608788815
-17.825273532700926
-17.797020797373914
-17.769050589400173
-17.79136008350617
-17.78344648267111
-17.795612017844398
-17.807655897665956
-17.829579338689296
-17.841283545302403
-17.86287070984938
-17.864242002750885
-17.865599582723377
-17.88694358689614
-17.88807415102718
-17.899193409516908
-17.89020147542174
-17.851299460667523
-17.85278646606085
-17.85425860140024
-17.865716015386237
-17.877058855232377
-17.858288266680052
-17.85970538401325
-17.87110833017312
-17.872397246871387
-17.893673274402673
-17.894736541658645
-17.865789176242057
-17.87713128447964
-17.868359971634842
-17.819676371918494
-17.83147960819931
-17.803164812117316
-17.815133163996144
-17.81698183235618
-17.79881201403262
-17.820823893892292
-17.79261565495337
-17.774689498403834
-17.756942603419795
-17.779373177385597
-17.72157944561174
-17.704363651155624
-17.677320014644067
-17.670546814497627
-17.643841346352648
-17.637402932889124
-17.641028903560233
-17.654618614524633
-17.678072428379387
-17.701291704095592
-17.69427878705464
-17.66733599918409
-17.68066263919225
-17.67385601280033
-17.667117452672326
-17.6704462781456
-17.663741815364148
-17.657104397210507
-17.6705333532384
-17.633828019706016
-17.627489739508956
-17.611214842113867
-17.625102693692728
-17.618851666755802
-17.652663150088244
-17.646136518587365
-17.649675153401493
-17.66317840186748
-17.656546617848807
-17.65998115167032
-17.613381340153616
-17.63724752675208
-17.65087505148456
-17.664366300969718
-17.67772263796002
-17.68094541158042
-17.694135957464617
-17.66719459788997
-17.660522651911073
-17.653917425391963
-17.62737825113804
-17.64110446862666
-17.614693423940395
-17.61854648970099
-17.64236102480398
-17.615937414555937
-17.589778040410376
-17.573880260006273
-17.57814145740621
-17.55236004283215
-17.53683644240383
-17.54146807797979
-17.54605339719999
-17.540592863227992
-17.575186934595713
-17.589435065249756
-17.60354071459726
-17.617505307451285
-17.611330254376774
-17.605216951833007
-17.60916478231468
-17.623073134491534
-17.60684240314662
-17.620773979115153
-17.594566239324
-17.61862057693076
-17.60243437116145
-17.586410027449837
-17.610545927175338
-17.604440467903586
-17.60839606322455
-17.612312102592306
-17.63618898156638
-17.639827091750718
-17.64342882083321
-17.636994532624882
-17.640624587298632
-17.614218341425644
-17.62807615801139
-17.611795396431276
-17.625677442466966
-17.6394206680423
-17.643026461361874
-17.656596196748257
-17.660030234780773
-17.643429932432966
-17.646995633108634
-17.64052567677755
-17.644120420009774
-17.627679215809675
-17.65140242365158
-17.644888399415066
-17.658439515420916
-17.65185512026671
-17.61533656906404
-17.6191832033734
-17.622991371339666
-17.63676145762627
-17.620393843050007
-17.604189904619506
-17.608148005573312
-17.58206652551758
-17.596245860262403
-17.590283401659782
-17.584380567643187
-17.588536761966754
-17.592651394347087
-17.60672488040362
-17.570657631599584
-17.574951055283588
-17.59920154473075
-17.633209529283445
-17.63687743399061
-17.650508659650704
-17.654003573054197
-17.687463537323655
-17.68058890195042
-17.643783012930914
-17.637345182801607
-17.66097173097359
-17.644362013663855
-17.607918393527218
-17.601839209591947
-17.56582081749603
-17.570162609321066
-17.544460983227854
-17.559016373395576
-17.543426209661618
-17.537991947565004
-17.542612028089355
-17.527185907808462
-17.551914048730378
-17.536394908243075
-17.531030959160645
-17.525720649569042
-17.510463443073352
-17.515358808642617
-17.490205220556188
-17.515303168350624
-17.490150136667115
-17.49524863530044
-17.48029614894744
-17.475493187457964
-17.480738255583383
-17.46593087302755
-17.471271564297272
-17.4465588486543
-17.442093260167756
-17.447672327566078
-17.44319560429042
-17.438763648247516
-17.42437601176504
-17.44013225164739
-17.43573092913092
-17.44137361983961
-17.436959883641215
-17.4225902848048
-17.428364381956754
-17.434080738137187
-17.439739930755813
-17.435342531448256
-17.440989106133774
-17.436579215072438
-17.432213422921716
-17.4278912886925
-17.453612375805573
-17.459076252047517
-17.474485489527044
-17.469740634631776
-17.455043228285458
-17.440492796002605
-17.45608786804258
-17.481526989362152
-17.45671171946853
-17.452144602273847
-17.47762315625111
-17.502846924688598
-17.497818455441713
-17.472840270887296
-17.448111868178422
-17.42363074949664
-17.439394442001674
-17.405000497581657
-17.40095049260584
-17.396940987679784
-17.402971577802987
-17.388941862024957
-17.31505244340471
-17.311901918970666
-17.33878289978096
-17.345395070783148
-17.321941120075316
-17.32872170887456
-17.335434491785815
-17.35208014686796
-17.36855934539928
-17.354873751945288
-17.351325014425836
-17.33781176428158
-17.364433646638762
-17.370789310172373
-17.38708141707065
-17.413210602899944
-17.429078496870947
-17.43478771190224
-17.410439834783215
-17.416335436435382
-17.40217208207103
-17.408150361250318
-17.424068857637817
-17.429828169061437
-17.385529887370822
-17.401674588497116
-17.387657842612146
-17.363781264186024
-17.320143451544162
-17.336942017028722
-17.323572596858433
-17.34033687088985
-17.29693350218095
-17.31396416715914
-17.330824525487547
-17.327516280232672
-17.334241117430345
-17.31089870625604
-17.31778971919348
-17.304611822001547
-17.291565703781533
-17.278650046743717
-17.26586354627628
-17.263204910813517
-17.22057286170538
-17.198367133088325
-17.18638346175744
-17.214519627139865
-17.232374430868468
-17.240050686559783
-17.227650179694187
-17.235373677897243
-17.233019941118272
-17.230689741707092
-17.228382844290024
-17.236099015847124
-17.243738025688653
-17.241300645431767
-17.238887638977452
-17.216498762587676
-17.2343337749618
-17.241990437212184
-17.259570532840062
-17.24697482751166
-17.254505079236544
-17.24196002844418
-17.249540428159737
-17.227045023878137
-17.234774573639356
-17.242426827902964
-17.240002559623935
-17.247602534027695
-17.23512650868742
-17.222775243600545
-17.22054749116454
-17.208342016252896
-17.20625859609037
-17.174196010129464
-17.172454050028172
-17.14072950952789
-17.129322214432612
-17.12802899228829
-17.166748702365407
-17.185081215341754
-17.213230403188334
-17.24109809915645
-17.238687118164886
-17.206300246983236
-17.204237244513404
-17.222194872068272
-17.24997292334759
-17.287473194114114
-17.26459846217297
-17.26195247755124
-17.219332952775726
-17.227139623247968
-17.19486822701549
-17.192919544745337
-17.200990349297882
-17.188980445804905
-17.207090641346856
-17.175019734933386
-17.203269537584053
-17.211236842208212
-17.209124473786133
-17.177033229048273
-17.145262896757792
-17.143810267790215
-17.15237216511231
-17.17084844346119
-17.15913995902658
-17.13754855943631
-17.116173073841946
-17.085011343103528
-17.12416122967249
-17.122919617375768
-17.09169042120201
-17.06077351698999
-17.060165781820093
-17.069564124001893
-17.078868482761873
-17.088079797934252
-17.07719899995491
-17.07642700995536
-17.085662739855806
-17.08480611245725
-17.073958051332678
-17.08321847081935
-17.10238628611116
-17.10136242325005
-17.10034879901755
-17.119345311027374
-17.1381518579171
-17.12677033933793
-17.11550263594455
-17.134347609585106
-17.11300413348925
-17.13187409215436
-17.120555351232817
-17.099349797720485
-17.10835629974328
-17.11727273674585
-17.10610000937839
-17.12503900928461
-17.123788619191764
-17.102550732999845
-17.10152522566985
-17.090509973413152
-17.089604873679022
-17.098708824942232
-17.09772173669281
-17.086744519325883
-17.085877074132625
-17.1250183033913
-17.11376812035739
-17.09263043915381
-17.121704134762272
-17.090487093414648
-17.0795822224805
-17.058786400255695
-17.02819853625314
-17.017916550890607
-17.037737385381703
-17.037360011527888
-17.05698641141261
-17.046416547298485
-17.025952381825498
-17.045692858007243
-17.03523592942717
-17.0248835701329
-17.01463473443157
-17.024488387087256
-17.034243503216384
-17.013901068184218
-17.043762057502374
-17.07332443692735
-17.042591192558078
-17.022165280632496
-17.01194362782617
-17.021824191547907
-17.02160594963243
-17.041389890136106
-17.000975991234743
-17.020966231322397
-16.990756569009175
-17.010849003319084
-17.030740513285895
-17.070433108153036
-17.059728777071506
-17.03913148930079
-17.058740174407784
-17.048152772663705
-17.01767124493707
-16.9874945324877
-16.99761958716282
-17.007643391291193
-16.96756695737828
-16.957891287804497
-16.96831237492645
-16.948629251177184
-16.919142958665415
-16.95995152907876
-16.970352013787974
-16.970648493650096
-16.960942008713594
-16.941332588626455
-16.91191926274019
-16.92280007011279
-16.93357206941166
-16.91423634871754
-16.905093985230366
-16.89604304537806
-16.867082614924282
-16.84841178877504
-16.83992767088729
-16.811528394178417
-16.763413110236634
-16.715778979134267
-16.718621189342926
-16.721434977449498
-16.764220627675
-16.736578421398253
-16.74921263718427
-16.75172051081243
-16.734203305704302
-16.72686127264726
-16.749592659920786
-16.75209673332158
-16.754575765988363
-16.75703000832848
-16.769459708245197
-16.791765111162746
-16.77384746005112
-16.766108985450607
-16.758447895596102
-16.75086341664014
-16.75335478247374
-16.765821234649
-16.758163022302508
-16.730581392079483
-16.723275578158688
-16.746042822377103
-16.748582394153335
-16.721096570211802
-16.713885604509684
-16.70674674846459
-16.679679280979943
-16.662882488170144
-16.616253663288443
-16.590091126655558
-16.614190215389005
-16.648048313235115
-16.681567830102765
-16.654752151801738
-16.66820463028372
-16.65152258398088
-16.655007358141074
-16.66845728455966
-16.631772711714063
-16.665454984596924
-16.638800434750955
-16.662412430403446
-16.65578830609941
-16.669230423038414
-16.68253811880803
-16.68571273761995
-16.66885561024375
-16.66216705414131
-16.645545383599895
-16.629089929763893
-16.582799030466255
-16.56697104016159
-16.571301329759976
-16.585588316462374
-16.59973243329775
-16.553735108964773
-16.568197757875126
-16.552515780296375
-16.54699062249341
-16.571520716268477
-16.595805509105794
-16.589847454014738
-16.593948979474593
-16.59800948967985
-16.622029394783052
-16.61580910083522
-16.599651009826868
-16.5736544997286
-16.587917954731314
-16.602038775184
-16.60601838743216
-16.61995820355784
-16.65375862152226
-16.65722103530704
-16.640648824953967
-16.654242336704428
-16.667699913337383
-16.66102291420401
-16.63441268506197
-16.63806855821135
-16.64168787262924
-16.65527099390295
-16.638718283963918
-16.63233110112428
-16.616007790113034
-16.619847712211907
-16.613649235089788
-16.62751274273889
-16.631237615311502
-16.644925239158386
-16.618475986766803
-16.642291226899136
-16.655868314630144
-16.609309631483843
-16.623216535169004
-16.656984369817312
-16.640414526119137
-16.634010380857944
-16.617670277049363
-16.58149357427887
-16.605678638536084
-16.58962185215072
-16.563725633629215
-16.57808837729292
-16.602307493519994
-16.606284418584796
-16.590221574398946
-16.574319358654954
-16.558576165068402
-16.582990403417718
-16.607160499383543
-16.61108889438971
-16.614978005445813
-16.638828225391357
-16.572439943137447
-16.56671554370607
-16.56104838826901
-16.59543790438632
-16.609483525342455
-16.62338869008903
-16.587154803188138
-16.59128325515626
-16.575370422604696
-16.609616718378646
-16.623520551194858
-16.63728534568291
-16.660912492226082
-16.65430336730382
-16.637760333630784
-16.651382730294475
-16.64486890299153
-16.668420213961614
-16.671736011822
-16.655018651703777
-16.638468465186737
-16.66208378053487
-16.65546294272952
-16.648908313302226
-16.6324192301692
-16.636095037867513
-16.62973408748884
-16.633436746613953
-16.637102379147816
-16.620731355356337
-16.624524041802776
-16.62827880138475
-16.6519960133709
-16.675476053237194
-16.628721292704824
-16.632434079777777
-16.646109738979998
-16.6396486415902
-16.673252155174296
-16.696519633622554
-16.70955443728633
-16.722458892913465
-16.70523430398433
-16.718181960944488
-16.71100014133504
-16.68389013992169
-16.697051238522473
-16.69008072613725
-16.693179918875877
-16.706248119687118
-16.679185638490246
-16.682393782105343
-16.67556984428429
-16.658814145841447
-16.62222600438303
-16.6360037443392
-16.559643706895805
-16.544047269826844
-16.518606797128577
-16.55342072915729
-16.547886521865717
-16.53240765664706
-16.55708358008059
-16.551512744279783
-16.555997616836986
-16.500437640668615
-16.50543326426193
-16.500378931619313
-16.525375142303123
-16.550121390880093
-16.574620176971294
-16.57887397520158
-16.573085235449565
-16.59735438309507
-16.59138083926412
-16.605467030871477
-16.609412360562764
-16.593318236957135
-16.607385054587564
-16.60131120404169
-16.605298092001274
-16.56924511108126
-16.583552659970444
-16.60771713337074
-16.611639962037035
-16.635523562416665
-16.6491683267925
-16.672676643524575
-16.655949877089327
-16.619390378318432
-16.613196474535247
-16.637064509789894
-16.580693864691995
-16.574886926045075
-16.599138056784625
-16.583146676216778
-16.587315209454612
-16.581442057360064
-16.565627636786463
-16.559971360418597
-16.56437164681441
-16.58872793034627
-16.54284065104281
-16.54741224453238
-16.55193812208706
-16.516418740866186
-16.50125455345752
-16.516242007922944
-16.541079587843715
-16.505668791965277
-16.520612104045625
-16.49540598300517
-16.480451923175117
-16.475647403943366
-16.490890929903934
-16.485982020604894
-16.471122200398842
-16.446410978394855
-16.441946868610906
-16.477527399924796
-16.462752125925547
-16.458124604666292
-16.47354335861963
-16.468807925033435
-16.4641198457831
-16.479478647325266
-16.504683860852015
-16.489637022243492
-16.484740652021056
-16.48989324550085
-16.48499431304584
-16.49014436991538
-16.455242926216226
-16.460690496954065
-16.44608359198452
-16.431622756064677
-16.417306528504028
-16.413133463218987
-16.439002128586797
-16.424612107300927
-16.43036598622792
-16.40606232636564
-16.382001703101984
-16.388181686070965
-16.374299869210255
-16.34055687051815
-16.327151301812965
-16.313879788794832
-16.330740990906882
-16.307433580997813
-16.284359245187837
-16.31151565273596
-16.3384004962086
-16.365016491246514
-16.35136632633405
-16.337852663070706
-16.36447413644
-16.360829395075598
-16.357221101124843
-16.333648890113594
-16.310312401212457
-16.34720927720033
-16.37373718442833
-16.339999812584043
-16.346599814458205
-16.343133816313625
-16.35970247815049
-16.356105453368983
-16.34254439883529
-16.33911895484694
-16.33572776529847
-16.352370487645484
-16.33884678276903
-16.335458314941338
-16.312103731791925
-16.31898269447401
-16.29579286752927
-16.292834938853975
-16.309906589465434
-16.32680752357078
-16.34353944833507
-16.39010405385172
-16.386203013313203
-16.38234098318007
-16.388517573348274
-16.40463239761479
-16.430586073638644
-16.466280212902255
-16.471617410773234
-16.476901236665505
-16.47213222429885
-16.45741090205586
-16.4628367930353
-16.45820842510495
-16.4936263408539
-16.488690077445362
-16.443803176670908
-16.4693651449042
-16.47467149345516
-16.469924778520607
-16.425225530735403
-16.41097327542805
-16.43686354267377
-16.432494907247033
-16.398169958174563
-16.404188258592818
-16.39014637600689
-16.38624491224682
-16.412382463124352
-16.448258638493108
-16.45377605210818
-16.429238291587097
-16.444945908671226
-16.430496449584513
-16.416191485088667
-16.39202957023778
-16.388109274535402
-16.36422818179005
-16.36058589997215
-16.376980040972427
-16.3432102405627
-16.379778138157075
-16.405980356775505
-16.43192055320775
-16.437601347675674
-16.433225334198916
-16.378893080856926
-16.365104150048357
-16.371453108547875
-16.367738577462397
-16.354061191687773
-16.360520579770895
-16.36691537397319
-16.363246220233457
-16.359613758031124
-16.376017620450813
-16.352257444246305
-16.328734869803842
-16.335447521105806
-16.372093045894747
-16.3683721154358
-16.374688394281446
-16.39094151033863
-16.417032095235246
-16.412861774282895
-16.408733156540066
-16.394645824974663
-16.380699366724915
-16.376892373057665
-16.37312344932709
-16.36939221483382
-16.365698292685483
-16.352041309758626
-16.34852089666104
-16.33503568769443
-16.351685330817485
-16.288168477509313
-16.275286792734217
-16.272533924806876
-16.259808585558805
-16.267210499703218
-16.244538394706186
-16.252093010759125
-16.249572080651536
-16.23707635984502
-16.25470559624657
-16.272158540284103
-16.24943695488126
-16.25694258533245
-16.264373159479128
-16.281729427884336
-16.22891213360549
-16.186623012269436
-16.194756782146744
-16.202809214325278
-16.230781122182027
-16.23847331096021
-16.25608857785061
-16.213527692072102
-16.22139241515138
-16.209178490999864
-16.187086706089865
-16.175215839028965
-16.163463680638674
-16.161829043832288
-16.190210753393966
-16.188308645860026
-16.206425559401424
-16.24436130380741
-16.191917690769333
-16.179998513861637
-16.19819852872302
-16.17621654343579
-16.174454378001432
-16.18270983422142
-16.180882735879205
-16.17907390852041
-16.217283169435206
-16.225110337740855
-16.212859234363446
-16.220730642019813
-16.228523335599615
-16.26623810224362
-16.243575721221184
-16.221139964008973
-16.258928564368883
-16.22633927872519
-16.214075885937937
-16.181935127078557
-16.210115775807772
-16.198014618049694
-16.2060344718692
-16.143974127150507
-16.142534385879
-16.11110904202021
-16.129997951600007
-16.138697972084007
-16.147310992363167
-16.115837882439536
-16.15467950361514
-16.173132708578986
-16.141401381493196
-16.149987367678264
-16.14848749400148
-16.167002619061464
-16.15533259287085
-16.16377926694214
-16.12214147427272
-16.11092005952999
-16.11981085893469
-16.118612750345342
-16.097426622841887
-16.09645235661347
-16.065487833047335
-16.04483295471686
-16.03438462516969
-16.044040778917992
-16.033600371128813
-16.043264367417525
-16.042831723743348
-16.072403406505913
-16.081679372440856
-16.070862578716447
-16.07015395292928
-16.099452413399987
-16.088457889265985
-16.097573310373328
-16.096597577269595
-16.0856316014969
-16.05477528548193
-16.06422753262711
-16.09358525730084
-16.072649404727834
-16.081922910680557
-16.04110368157375
-16.060692644758014
-16.060085718310432
-16.04948486112733
-16.058990012516055
-16.018400112390896
-16.008216111266986
-15.978133950154316
-15.948352610652773
-15.938869084546246
-15.959480393700783
-15.959885589763775
-15.960286733866138
-15.980683866527476
-15.9908770278622
-15.940968257583577
-15.941558575007742
-15.922142989257665
-15.882921559365087
-15.904092343771437
-15.915051420333722
-15.915900906130384
-15.92674189706908
-15.92747447809839
-15.968199733317405
-15.978517735984232
-15.95873255862439
-15.969145233038146
-15.999453780707764
-15.999459242900686
-16.03946465047168
-16.069070003966964
-16.088379303927294
-16.09749551088802
-16.07652055577914
-16.07575535022135
-16.084997796719136
-16.084147818751944
-16.103306340564426
-16.08227327715878
-16.041450544387192
-16.01103603894332
-16.010925678553885
-15.980816421768347
-15.991008257550664
-16.00109817497516
-15.991087193225408
-15.991176321293153
-15.991264558080221
-15.99135191249942
-15.951438393374424
-15.96192400944068
-15.962304769346272
-15.942681721652809
-15.94325490443628
-15.923822355391918
-15.854584131838
-15.846038290519619
-15.877577907614421
-15.848802128538278
-15.830314107252896
-15.852010966180366
-15.873490856518561
-15.894755947953374
-15.91580838847384
-15.9566503045891
-15.987083801543209
-15.937212963527775
-15.887840833892497
-15.888962425553572
-15.880072801298036
-15.891272073285055
-15.852359352552204
-15.81383575902668
-15.805697401436413
-15.837640427422048
-15.829264023147829
-15.76097138291635
-15.763361669087187
-15.735728052396317
-15.768370771872354
-15.77068706415363
-15.742980193512095
-15.785550391576972
-15.707694887661203
-15.760617938784591
-15.783011759396745
-15.825181641802777
-15.836929825384749
-15.818560527130902
-15.820374921859592
-15.822171172640996
-15.833949460914585
-15.82560996630544
-15.827353866642385
-15.84908032797596
-15.8405895246962
-15.822183629449238
-15.813961793154746
-15.855822175223198
-15.857263953470966
-15.858691313936257
-15.880104400796894
-15.871303356788925
-15.862590323221037
-15.863964419988827
-15.855324775788938
-15.876771528031048
-15.878003812750737
-15.89922377462323
-15.880231536876998
-15.871429221508228
-15.912714929293145
-15.943587780000213
-15.88415190220021
-15.905310383178207
-15.926257279346425
-15.93699470655296
-15.93762475948743
-15.958248511892556
-15.938666026773632
-15.959279366505895
-15.969686572840835
-15.979989707112427
-16.010189810041304
-15.96008791194089
-15.960487032821481
-15.970882162493266
-15.961173340868333
-15.91156160745965
-15.892445991385053
-15.883521531471203
-15.874686316156492
-15.865939452994928
-15.887280058464977
-15.878407257880328
-15.909623185301523
-15.930526953448508
-15.931221683914023
-15.951909467074882
-15.942390372404134
-15.932966468680092
-15.943636803993291
-15.93420043595336
-15.904858431593826
-15.925809847277888
-15.906551748805109
-15.897486231317059
-15.908511369003888
-15.919426255313848
-15.890231992760711
-15.891329672833104
-15.872416376104773
-15.873692212343725
-15.914955290220286
-15.925805737318083
-15.926547679944902
-15.897282203145453
-15.918309381113998
-15.889126287302858
-15.910235024429829
-15.881132674185531
-15.872321347443677
-15.89359813396924
-15.914662152629548
-15.915515531103253
-15.84636037579222
-15.847896772034296
-15.849417804313953
-15.850923626270813
-15.842414390008106
-15.863990246108024
-15.855350343646943
-15.846796840210475
-15.82832887180837
-15.840045583090287
-15.821645127259385
-15.793428675986792
-15.835494389226923
-15.837139445334653
-15.848768050881306
-15.830280370372494
-15.761977566668769
-15.73435779100208
-15.75701421309206
-15.699444070961139
-15.712449630251527
-15.695325133949012
-15.72837188260952
-15.731088163783426
-15.763777282145591
-15.766139509324136
-15.708478114230894
-15.741393333088585
-15.763979399757698
-15.776339605760121
-15.77857620970252
-15.770790447605494
-15.773082543129439
-15.735351717698144
-15.747998200521163
-15.70051821851595
-15.673513036330792
-15.666777905967484
-15.65011012690781
-15.653609025638731
-15.667072935382343
-15.66040220602852
-15.663798183968234
-15.68716020212855
-15.690288600107266
-15.693385714106194
-15.686451856965132
-15.66958733839548
-15.642891465011527
-15.656462550361411
-15.649897924857797
-15.663398945609218
-15.696764956153126
-15.709797306591595
-15.722699333525679
-15.735472340190421
-15.718117616788518
-15.720936440620633
-15.703727076214427
-15.706689805452283
-15.67962290739776
-15.662826678323784
-15.626198411540544
-15.569936427425139
-15.584237063150887
-15.528394692519377
-15.513110745594185
-15.507979638138243
-15.492899841756861
-15.537970843339291
-15.502591134905897
-15.457565223556838
-15.37298957132127
-15.349259675608058
-15.385767078851977
-15.361909408063458
-15.358290313982824
-15.304707410842996
-15.321660336734565
-15.348443733367219
-15.364959296033547
-15.401309703073212
-15.437296606042478
-15.432923639982054
-15.458594403582232
-15.414008459546409
-15.429868374950944
-15.345569691201435
-15.33211399428942
-15.328792854346526
-15.35550492580306
-15.35194987654503
-15.37843037777958
-15.384646074001784
-15.390799613261766
-15.416891617129147
-15.422722700957856
-15.448495473948277
-15.474010519208795
-15.499270414016706
-15.44427770987654
-15.449834932777774
-15.485336583449996
-15.470483217615497
-15.495778385439342
-15.550820601584949
-15.5553123955691
-15.53975927161341
-15.544361678897275
-15.5689180621083
-15.563228881487218
-15.577596592672345
-15.561820626745622
-15.546202420478165
-15.520740396273384
-15.54553299231065
-15.560077662387542
-15.574476885763666
-15.578732116906028
-15.582944795736967
-15.557115347779598
-15.571544194301802
-15.595828752358784
-15.599870464835197
-15.573871760186845
-15.608133042584976
-15.572051712159125
-15.586331195037534
-15.59046788308716
-15.604563204256287
-15.598517572213725
-15.612532396491588
-15.516407072526672
-15.511243001801406
-15.496130571783391
-15.501169266065558
-15.486157573404903
-15.501295997670853
-15.506283037694145
-15.511220207317203
-15.496108005244032
-15.52114692519159
-15.535935455939674
-15.520576101380277
-15.535370340366473
-15.46001663696281
-15.465416470593182
-15.45076230588725
-15.396254682828378
-15.392292136000094
-15.408369214640093
-15.384285522493693
-15.400442667268756
-15.37643824059607
-15.412673858190109
-15.378547119608207
-15.374761648412125
-15.381014031928004
-15.377203891608724
-15.353431852692637
-15.339897534165711
-15.296498558824053
-15.313533573235812
-15.290398237503455
-15.27749425512842
-15.264719312577137
-15.272072119451366
-15.279351398256852
-15.286557884274282
-15.28369230543154
-15.300855382377224
-15.297846828553451
-15.264868360267917
-15.242219676665238
-15.209797479898585
-15.1876995050996
-15.205822510048604
-15.173764284948117
-15.202026642098636
-15.170006375677648
-15.118306311920872
-15.117123248801663
-15.145952016313647
-15.124492496150511
-15.103247571189007
-15.122215095477117
-15.080992944522345
-15.080183015077122
-15.11938118492635
-15.088187373077085
-15.077305499346314
-15.086532444352851
-15.055667119909321
-15.03511044871023
-15.034759344223128
-15.014411750780896
-15.004267633273088
-14.994224956940357
-15.004282707370953
-14.964239880297242
-14.95459748149427
-14.935051506679327
-14.955700991612535
-14.966143981696408
-14.936482541879444
-14.887117716460649
-14.908246539296043
-14.909164073903082
-14.88007243316405
-14.921271708832409
-14.932058991744084
-14.922738401826644
-14.893511017808377
-14.894575907630294
-14.885630148553991
-14.91677384706845
-14.917606108597766
-14.968430047511788
-14.958745747036671
-14.999158289566303
-14.95916670667064
-14.969575039603933
-14.919879289207893
-14.930680496315814
-14.961373691352655
-14.981759954439129
-14.971942354894738
-14.93222293134579
-14.90290070203233
-14.953871695012007
-14.914332978061886
-14.935189648281266
-14.935837751798454
-14.96647937428047
-14.946814580537666
-14.967346434732288
-14.997672970384965
-14.997696240681115
-15.007719278274305
-15.01764208549156
-15.047465664636645
-15.036991007990279
-15.016621097910377
-15.026454886931274
-15.026190338061962
-15.045928434681342
-15.065469150334527
-15.084814458831183
-15.08396631424287
-15.073126651100441
-15.022395384589437
-15.032171430743542
-15.051849716436106
-15.021331219271744
-15.071117907079026
-15.040406728008236
-15.030002660728154
-15.009702634120874
-15.029605607779665
-15.069309551701867
-15.088616456184848
-15.087730291623
-15.11685298870677
-15.125684458819702
-15.154427614231505
-15.13288333808919
-15.171554504708297
-15.179838959661215
-15.178040570064603
-15.176260164363956
-15.224497562720316
-15.182252587093112
-15.20043006122218
-15.18842576060996
-15.176541503003861
-15.144776087973822
-15.113328327094083
-15.112195043823142
-15.111073093384912
-15.099962362451063
-15.078962738826553
-15.088173111438287
-15.077291380323905
-15.016518466520665
-14.966353281855458
-14.946689749036905
-14.947222851546536
-14.937750623031071
-14.88837311680076
-14.909489385632753
-14.860394491776425
-14.89179054685866
-14.892872641390074
-14.883943914976173
-14.885104475826411
-14.856253431068147
-14.837690896757467
-14.819313987789894
-14.801120847911996
-14.773109639432874
-14.735378543038545
-14.748024757608158
-14.790544510032076
-14.752639064931754
-14.735112674282437
-14.727761547539613
-14.760483932064217
-14.762879092743574
-14.785250301816138
-14.777397798797978
-14.759623820809999
-14.712027582601898
-14.664907306775879
-14.61825823370812
-14.642075651371039
-14.635654894857328
-14.669298345908755
-14.662605362449668
-14.675979308825172
-14.709219515736919
-14.70212732057955
-14.715106047373753
-14.707954986900017
-14.700875437031018
-14.683866682660708
-14.637028015834101
-14.63065773567576
-14.594351158319002
-14.588407646735812
-14.622523570268454
-14.626298334565769
-14.620035351220112
-14.57383499770791
-14.578096647730831
-14.552315681253521
-14.546792524440987
-14.561324599196576
-14.56571135320461
-14.560054239672565
-14.514453697275838
-14.43930916030308
-14.42491606870005
-14.45066690801305
-14.46616023893292
-14.461498636543592
-14.476883650178156
-14.442114813676373
-14.457693665539608
-14.473116728884213
-14.42838556159537
-14.394101705979415
-14.37016068891962
-14.316459082030423
-14.313294491210119
-14.290161546298016
-14.287259930835036
-14.324387331526685
-14.341143458211418
-14.307732023629303
-14.27465470339301
-14.31190815635908
-14.33878907479549
-14.365401184047535
-14.35174717220706
-14.32822970048499
-14.34494740348014
-14.361497929445338
-14.337882950150885
-14.364504120649375
-14.34085907944288
-14.327450488648452
-14.284175983761967
-14.291334223924348
-14.308420881685105
-14.285336672868253
-14.312483306139569
-14.309358473078174
-14.296264888347393
-14.28330223946392
-14.290469217069282
-14.307564524898588
-14.334488879649602
-14.301143990853104
-14.278132550944573
-14.255351225435126
-14.252797713180774
-14.260269736048967
-14.297667038688477
-14.304690368301593
-14.291643464618577
-14.298727029972392
-14.245739759672668
-14.28328236207594
-14.280449538455182
-14.267645043070631
-14.294968592639925
-14.292018906713526
-14.32909871764639
-14.315807730469928
-14.30264965316523
-14.329623156633577
-14.366326925067241
-14.352663655816569
-14.379137019258403
-14.385345649065819
-14.371492192575161
-14.36777727064941
-14.354099497942917
-14.320558502963486
-14.317352917933851
-14.314179388754512
-14.301037594866967
-14.298027218918298
-14.315046946729115
-14.351896477261823
-14.338377512489206
-14.374993737364314
-14.40124379999067
-14.437231361990763
-14.452859048370856
-14.428330457887146
-14.424047153308274
-14.429806681775192
-14.42550861495744
-14.391253528807866
-14.347340993519786
-14.313867583584587
-14.33072890774874
-14.357421618671253
-14.383847402484541
-14.390008928459697
-14.336108839175099
-14.362747750783347
-14.379120273275515
-14.39532907054276
-14.391375779837333
-14.37746202203896
-14.403687401818571
-14.429650527800385
-14.435354022522382
-14.481000482297159
-14.516190477474186
-14.561028572699444
-14.565418286972449
-14.549764104102724
-14.544266463061698
-14.568823798431081
-14.56313556044677
-14.567504204842303
-14.561829162793881
-14.576210871165943
-14.580448762454283
-14.554644274829739
-14.569097832081441
-14.563406853760627
-14.57777278522302
-14.60199505737079
-14.545975106797082
-14.530515355729111
-14.505210202171819
-14.4901581001501
-14.445256519148598
-14.470803953957112
-14.496095914417541
-14.451134955273366
-14.456623605720633
-14.442057369663427
-14.397636795966793
-14.413660428007125
-14.419523823727054
-14.395328585489782
-14.421375299634883
-14.447161546638535
-14.47268993117215
-14.487963031860428
-14.483083401541824
-14.438252567526405
-14.393870041851141
-14.37993134143263
-14.406132028018304
-14.42207070773812
-14.437850000660738
-14.44347150065413
-14.479036785647589
-14.464246417791113
-14.479603953613202
-14.43480791407707
-14.470459834936298
-14.455755236586935
-14.481197684221065
-14.466385707378855
-14.441721850305065
-14.467304631802014
-14.442631585483992
-14.398205269629152
-14.41422321693286
-14.410080984763532
-14.355980174915896
-14.362420373166737
-14.32879616943507
-14.285508207740717
-14.20265312566331
-14.150626594406678
-14.18912032846261
-14.177229125177986
-14.145456833926206
-14.134002265586945
-14.132662242931076
-14.111335620501764
-14.090222264296745
-14.059320041653777
-14.118726841237239
-14.127539572824867
-14.146264177096619
-14.124801535325652
-14.113553519972395
-14.112417984772671
-14.141293804924944
-14.189880866875693
-14.227982058206937
-14.235702237624867
-14.253345215248618
-14.270811763096132
-14.24810364546517
-14.265622609010517
-14.302966382920411
-14.269936719091207
-14.237237351900294
-14.214864978381291
-14.172716328597478
-14.150989165311502
-14.129479273658387
-14.148184480921802
-14.136702636112584
-14.12533560975146
-14.084082253653945
-14.073241431117406
-14.032509016806232
-14.07218392663817
-14.051462087371787
-14.05094746649807
-14.070437991833089
-14.079733611914758
-14.12893627579561
-14.147646913037654
-14.156170443907278
-14.124608739468204
-14.123362652073522
-14.142129025552787
-14.16070773529726
-14.119100657944287
-14.107909651364844
-14.146830554851196
-14.075362249302684
-14.074608626809658
-14.103862540541561
-14.082823915136144
-14.061995675984782
-14.071375719224935
-14.100661962032685
-14.119655342412358
-14.138458788988235
-14.157074201098352
-14.165503459087368
-14.153848424496495
-14.14230994025153
-14.140886840849015
-14.089477972440525
-14.11858319271612
-14.127397360788958
-14.136123387181069
-14.154762153309258
-14.163214531776166
-14.101582386458405
-14.06056656259382
-14.059960896967882
-14.099361287998203
-14.098367675118222
-14.14738399836704
-14.16591015838337
-14.144251056799536
-14.152808546231542
-14.131280460769226
-14.149967656161534
-14.14846797959992
-14.17698329980392
-14.135213466805881
-14.133861332137823
-14.112522718816443
-14.141397491628279
-14.159983516711996
-14.158383681544876
-14.116799844729426
-14.095631846282132
-14.04467552781931
-14.034228772541118
-14.053886484815706
-14.033347619967548
-14.013014143767872
-14.022884002330194
-14.00265516230689
-14.002628610683821
-14.022602324576983
-14.032376301331213
-13.992052538317902
-13.982132012934724
-14.022310692805377
-14.002087585877321
-13.982066710018547
-13.982246042918362
-13.97242358248918
-14.012699346664288
-13.972572353197645
-13.98284662966567
-13.953018163369013
-13.993487981735322
-13.973553101917968
-13.983817570898788
-14.0039793951898
-13.993939601237903
-13.974000205225524
-13.954260203173268
-13.984717601141535
-13.94487042513012
-13.94542172087882
-13.965967503670031
-13.91630782863333
-13.937144750346997
-13.947773302843528
-13.968295569815092
-13.948612614116941
-13.89912648797577
-13.910135223096013
-13.911033870865053
-13.911923532156402
-13.872804296834838
-13.774076253866488
-13.736335491327823
-13.748972136414546
-13.7614824150504
-13.753867590899898
-13.766328914990899
-13.77866562584099
-13.81087896958258
-13.842770179886754
-13.884342478087886
-13.855499053307007
-13.796944062773937
-13.828974622146198
-13.850684875924737
-13.802178027165489
-13.724156246893834
-13.696914684424895
-13.699945537580646
-13.692946082204841
-13.666016621382791
-13.729356455168963
-13.752062890617273
-13.7445422617111
-13.73709683909399
-13.75972587070305
-13.76212861199602
-13.76450732587606
-13.6968622526173
-13.649893630091128
-13.613394693790216
-13.607260746852315
-13.611188139383792
-13.645076257989954
-13.648625495410055
-13.622139240455954
-13.605917848051394
-13.609858669570881
-13.603760082875173
-13.607722482046421
-13.631645257225957
-13.615328804653696
-13.60917551660716
-13.633083761441087
-13.656752923826676
-13.68018539458841
-13.743383540642524
-13.7359497052361
-13.718590208183738
-13.6914043061019
-13.684490263040882
-13.677645360410473
-13.650868906806368
-13.594360217738304
-13.608416615560921
-13.572332449405312
-13.57660912491126
-13.530843033662146
-13.535534603325525
-13.55017925729227
-13.534677464719346
-13.569330690072153
-13.493637383171432
