-21.0
-21.0
-21.0
-20.99
-20.990099999999998
-20.980199
-20.98039701
-20.9705930399
-20.970887109501
-20.97117823840599
-20.971466456021933
-20.971751791461713
-20.9720342735471
-20.962313930811625
-20.952690791503507
-20.943163883588472
-20.94373224475259
-20.93429492230506
-20.93495197308201
-20.93560245335119
-20.89624642881768
-20.897283964529503
-20.89831112488421
-20.89932801363537
-20.900334733499015
-20.891331386164023
-20.872418072302384
-20.87369389157936
-20.874956952663567
-20.86620738313693
-20.867545309305562
-20.86886985621251
-20.850181157650386
-20.851679346073883
-20.853162552613146
-20.854630927087015
-20.846084617816146
-20.817623771637983
-20.809447533921603
-20.811353058582387
-20.813239527996565
-20.8151071327166
-20.816956061389437
-20.788786500775544
-20.79089863576779
-20.79298964941011
-20.79505975291601
-20.777109155386853
-20.779338063832984
-20.771544683194655
-20.773829236362708
-20.776090943999083
-20.778330034559094
-20.7805467342135
-20.78274126687137
-20.784913854202657
-20.78706471566063
-20.789194068504024
-20.791302127818984
-20.793389106540793
-20.795455215475386
-20.797500663320633
-20.79952565668743
-20.801530400120555
-20.80351509611935
-20.805479945158158
-20.807425145706578
-20.809350894249512
-20.811257385307016
-20.813144811453945
-20.815013363339407
-20.816863229706012
-20.818694597408953
-20.820507651434863
-20.822302574920514
-20.82407954917131
-20.825838753679598
-20.827580366142804
-20.829304562481376
-20.82101151685656
-20.812801401687995
-20.814673387671117
-20.81652665379441
-20.818361387256466
-20.820177773383904
-20.821975995650064
-20.823756235693565
-20.82551867333663
-20.827263486603265
-20.82899085173723
-20.83070094321986
-20.83239393378766
-20.824069994449783
-20.825829294505287
-20.827571001560234
-20.829295291544632
-20.831002338629187
-20.832692315242895
-20.834365392090465
-20.83602173816956
-20.837661520787865
-20.839284905579987
-20.840892056524186
-20.842483135958947
-20.844058304599358
-20.845617721553364
-20.84716154433783
-20.84868992889445
-20.850203029605506
-20.85170099930945
-20.843183989316355
-20.844752149423194
-20.83630462792896
-20.837941581649673
-20.829562165833174
-20.83126654417484
-20.832953878733093
-20.834624339945762
-20.836278096546305
-20.837915315580844
-20.829536162425036
-20.831240800800785
-20.832928392792777
-20.83459910886485
-20.836253117776202
-20.82789058659844
-20.829611680732455
-20.83131556392513
-20.823002408285877
-20.814772384203017
-20.816624660360986
-20.808458413757375
-20.810373829619802
-20.792270091323605
-20.784347390410367
-20.786503916506266
-20.788638877341203
-20.79075248856779
-20.782844963682113
-20.77501651404529
-20.75726634890484
-20.74969368541579
-20.75219674856163
-20.734674781076016
-20.737328033265257
-20.739954752932604
-20.722555205403278
-20.715329653349244
-20.718176356815754
-20.720994593247596
-20.71378464731512
-20.686646800841967
-20.689780332833546
-20.692882529505212
-20.68595370421016
-20.689094167168058
-20.692203225496378
-20.695281193241414
-20.698328381309
-20.70134509749591
-20.704331646520952
-20.707288330055743
-20.710215446755186
-20.713113292287634
-20.71598215936476
-20.718822337771112
-20.721634114393403
-20.70441777324947
-20.697373595516975
-20.700399859561806
-20.70339586096619
-20.706361902356527
-20.709298283332963
-20.712205300499633
-20.715083247494636
-20.71793241501969
-20.720753090869493
-20.7235455599608
-20.726310104361193
-20.729047003317582
-20.731756533284408
-20.734438967951565
-20.727094578272048
-20.729823632489328
-20.732525396164437
-20.735200142202793
-20.737848140780766
-20.74046965937296
-20.74306496277923
-20.745634313151438
-20.748177970019924
-20.750696190319726
-20.75318922841653
-20.755657336132366
-20.758100762771043
-20.760519755143335
-20.762914557591902
-20.765285412015984
-20.757632557895825
-20.760056232316867
-20.7624556699937
-20.744831113293763
-20.747382802160825
-20.749908974139217
-20.752409884397824
-20.754885785553846
-20.757336927698308
-20.759763558421326
-20.75216592283711
-20.75464426360874
-20.757097820972653
-20.759526842762927
-20.7619315743353
-20.764312258591946
-20.766669136006026
-20.769002444645967
-20.771312420199507
-20.763599295997512
-20.755963303037536
-20.758403670007162
-20.74081963330709
-20.74341143697402
-20.73597732260428
-20.71861754937824
-20.72143137388446
-20.704217060145616
-20.70717488954416
-20.71010314064872
-20.713002109242233
-20.715872088149812
-20.708713367268313
-20.71162623359563
-20.714509971259677
-20.707364871547078
-20.710291222831607
-20.70318831060329
-20.70615642749726
-20.699094863222285
-20.69210391459006
-20.69518287544416
-20.68823104668972
-20.69134873622282
-20.694435248860593
-20.69749089637199
-20.70051598740827
-20.693510827534187
-20.696575719258846
-20.69960996206626
-20.682613862445596
-20.68578772382114
-20.68892984658293
-20.692040548117102
-20.695120142635933
-20.698168941209573
-20.701187251797478
-20.704175379279505
-20.707133625486712
-20.710062289231846
-20.712961666339528
-20.715832049676134
-20.718673729179372
-20.72148699188758
-20.714272121968705
-20.71712940074902
-20.71995810674153
-20.722758525674116
-20.725530940417375
-20.7182756310132
-20.721092874703068
-20.723881945956037
-20.726643126496477
-20.72937669523151
-20.732082928279198
-20.734762098996406
-20.737414478006443
-20.74004033322638
-20.742639929894114
-20.745213530595173
-20.74776139528922
-20.740283781336327
-20.742880943522966
-20.72545213408774
-20.72819761274686
-20.730915636619393
-20.7336064802532
-20.73627041545067
-20.738907711296164
-20.741518634183205
-20.744103447841372
-20.736662413362957
-20.739295789229327
-20.741902831337036
-20.744483803023666
-20.74703896499343
-20.749568575343496
-20.75207288959006
-20.75455216069416
-20.75700663908722
-20.759436572696348
-20.761842206969384
-20.76422378489969
-20.766581547050695
-20.76891573158019
-20.77122657426439
-20.773514308521747
-20.775779165436532
-20.778021373782167
-20.780241160044344
-20.7824387484439
-20.784614360959463
-20.78676821734987
-20.78890053517637
-20.79101152982461
-20.79310141452636
-20.7951704003811
-20.79721869637729
-20.799246509413518
-20.801254044319382
-20.80324150387619
-20.80520908883743
-20.807156997949058
-20.809085427969567
-20.81099457368987
-20.80288462795297
-20.804855781673442
-20.80680722385671
-20.80873915161814
-20.810651760101962
-20.812545242500942
-20.814419790075934
-20.816275592175177
-20.818112836253427
-20.819931707890895
-20.811732390811986
-20.813615066903868
-20.81547891623483
-20.81732412707248
-20.819150885801758
-20.82095937694374
-20.822749783174302
-20.82452228534256
-20.826277062489137
-20.828014291864246
-20.829734148945604
-20.83143680745615
-20.83312243938159
-20.834791214987774
-20.836443302837896
-20.838078869809518
-20.839698081111422
-20.84130110030031
-20.842888089297308
-20.844459208404334
-20.846014616320293
-20.84755447015709
-20.84907892545552
-20.850588136200965
-20.852082254838955
-20.853561432290565
-20.85502581796766
-20.856475559787985
-20.857910804190105
-20.859331696148203
-20.86073837918672
-20.862130995394853
-20.863509685440906
-20.8648745885865
-20.866225842700636
-20.86756358427363
-20.868887948430892
-20.870199068946583
-20.871497078257118
-20.872782107474546
-20.8740542863998
-20.875313743535802
-20.876560606100444
-20.87779500003944
-20.879017050039046
-20.880226879538657
-20.88142461074327
-20.882610364635838
-20.88378426098948
-20.884946418379585
-20.88609695419579
-20.88723598465383
-20.888363624807294
-20.88947998855922
-20.89058518867363
-20.891679336786893
-20.892762543419025
-20.893834917984837
-20.894896568804988
-20.895947603116937
-20.89698812708577
-20.898018245814914
-20.899038063356766
-20.900047682723198
-20.901047205895967
-20.902036733837008
-20.903016366498637
-20.90398620283365
-20.904946340805314
-20.90589687739726
-20.906837908623288
-20.907769529537056
-20.908691834241687
-20.899604915899268
-20.900608866740274
-20.90160277807287
-20.902586750292144
-20.903560882789222
-20.90452527396133
-20.905480021221717
-20.9064252210095
-20.907360968799406
-20.908287359111412
-20.9092044855203
-20.910112440665095
-20.911011316258445
-20.911901203095862
-20.912782191064903
-20.913654369154255
-20.914517825462713
-20.915372647208088
-20.916218920736007
-20.917056731528646
-20.91788616421336
-20.918707302571228
-20.919520229545515
-20.920325027250062
-20.92112177697756
-20.921910559207785
-20.92269145361571
-20.923464539079554
-20.924229893688757
-20.92498759475187
-20.92573771880435
-20.926480341616305
-20.92721553820014
-20.92794338281814
-20.928663948989957
-20.929377309500058
-20.930083536405057
-20.930782701041007
-20.9314748740306
-20.932160125290295
-20.932838524037393
-20.93351013879702
-20.924175037409046
-20.924933287034957
-20.925683954164608
-20.926427114622964
-20.917162843476735
-20.91799121504197
-20.908811302891547
-20.89972318986263
-20.900725957964006
-20.901718698384368
-20.902701511400526
-20.90367449628652
-20.904637751323655
-20.90559137381042
-20.906535460072316
-20.907470105471592
-20.908395404416876
-20.90931145037271
-20.910218335868983
-20.911116152510292
-20.91200499098519
-20.912884941075337
-20.903756091664583
-20.90471853074794
-20.90567134544046
-20.906614631986056
-20.907548485666197
-20.898473000809535
-20.89948827080144
-20.900493388093427
-20.901488454212494
-20.90247356967037
-20.903448833973666
-20.90441434563393
-20.905370202177593
-20.906316500155818
-20.90725333515426
-20.898180801802717
-20.89919899378469
-20.890207003846843
-20.891304933808374
-20.892391884470292
-20.89346796562559
-20.894533285969334
-20.88558795310964
-20.886732073578543
-20.88786475284276
-20.88898610531433
-20.890096244261187
-20.881195281818574
-20.88238332900039
-20.883559495710386
-20.87472390075328
-20.87597666174575
-20.84721689512829
-20.84874472617701
-20.85025727891524
-20.851754706126087
-20.853237159064825
-20.854704787474176
-20.856157739599436
-20.857596162203443
-20.85902020058141
-20.860429998575594
-20.86182569858984
-20.863207441603944
-20.864575367187904
-20.865929613516027
-20.857270317380866
-20.85869761420706
-20.850110638064987
-20.85160953168434
-20.843093436367496
-20.84466250200382
-20.846215876983784
-20.847753718213948
-20.839276181031806
-20.840883419221488
-20.842474585029272
-20.84404983917898
-20.84560934078719
-20.837153247379316
-20.838781714905522
-20.840393897756467
-20.821989958778904
-20.823770059191116
-20.825532358599204
-20.827277035013214
-20.829004264663084
-20.830714222016454
-20.82240707979629
-20.794183008998324
-20.776241178908343
-20.77847876711926
-20.780693979448067
-20.772887039653586
-20.77515816925705
-20.76740658756448
-20.759732521688836
-20.76213519647195
-20.75451384450723
-20.756968706062157
-20.759399019001535
-20.76180502881152
-20.764186978523405
-20.75654510873817
-20.758979657650787
-20.75138986107428
-20.743875962463537
-20.7464372028389
-20.748972830810512
-20.75148310250241
-20.753968271477387
-20.756428588762613
-20.758864302874986
-20.751275659846236
-20.743762903247774
-20.746325274215298
-20.748862021473144
-20.751373401258412
-20.75385966724583
-20.756321070573374
-20.738757859867643
-20.741370281268967
-20.743956578456277
-20.746517012671717
-20.749051842545
-20.741561324119548
-20.73414571087835
-20.72680425376957
-20.729536211231874
-20.732240849119556
-20.734918440628363
-20.73756925622208
-20.74019356365986
-20.73279162802326
-20.73546371174303
-20.7281090746256
-20.730827983879344
-20.73351970404055
-20.736184507000146
-20.738822661930147
-20.741434435310847
-20.73402009095774
-20.736679890048162
-20.739313091147682
-20.741919960236206
-20.744500760633844
-20.737055753027505
-20.73968519549723
-20.74228834354226
-20.744865460106837
-20.747416805505768
-20.71994263745071
-20.722743211076203
-20.72551577896544
-20.718260621175787
-20.72107801496403
-20.72386723481439
-20.716628562466244
-20.70946227684158
-20.712367654073166
-20.715243977532435
-20.71809153775711
-20.72091062237954
-20.703701516155746
-20.70666450099419
-20.70959785598425
-20.71250187742441
-20.715376858650163
-20.718223090063663
-20.711040859163024
-20.713930450571393
-20.71679114606568
-20.709623234605022
-20.712527002258973
-20.715401732236383
-20.70824771491402
-20.70116523776488
-20.684153585387232
-20.67731204953336
-20.680538929038025
-20.683733539747646
-20.68689620435017
-20.69002724230667
-20.693126969883604
-20.69619570018477
-20.699233743182923
-20.692241405751094
-20.695318991693583
-20.698365801776646
-20.70138214375888
-20.704368322321294
-20.69732463909808
-20.6903513927071
-20.68344787878003
-20.66661339999223
-20.64994726599231
-20.653447793332386
-20.656913315399063
-20.660344182245073
-20.65374074042262
-20.647203333018393
-20.62073129968821
-20.614523986691328
-20.618378746824416
-20.62219495935617
-20.62597300976261
-20.629713279664983
-20.633416146868335
-20.637081985399654
-20.640711165545657
-20.644304053890203
-20.6478610133513
-20.641382403217786
-20.64496857918561
-20.63851889339375
-20.642133704459816
-20.615712367415217
-20.619555243741065
-20.623359691303655
-20.617126094390617
-20.62095483344671
-20.624745285112244
-20.62849783226112
-20.60221285393851
-20.606190725399127
-20.610128818145135
-20.604027529963684
-20.60798725466405
-20.61190738211741
-20.615788308296235
-20.619630425213273
-20.623434120961143
-20.627199779751532
-20.630927781954018
-20.63461850413448
-20.628272319093135
-20.621989595902203
-20.60576969994318
-20.60971200294375
-20.60361488291431
-20.60757873408517
-20.60150294674432
-20.595487917276873
-20.579533038104106
-20.563737707723067
-20.568100330645837
-20.57241932733938
-20.566695134065984
-20.561028182725323
-20.56541790089807
-20.559763721889087
-20.564166084670198
-20.568524423823497
-20.552839179585263
-20.517310787789413
-20.52213767991152
-20.526916303112404
-20.521647140081278
-20.526430668680465
-20.531166361993662
-20.535854698373726
-20.540496151389988
-20.54509118987609
-20.54964027797733
-20.544143875197555
-20.54870243644558
-20.523215412081125
-20.527983257960315
-20.532703425380713
-20.51737639112691
-20.49220262721564
-20.487280600943482
-20.49240779493405
-20.49748371698471
-20.502508879814865
-20.507483791016718
-20.50240895310655
-20.507384863575485
-20.51231101493973
-20.50718790479033
-20.49211602574243
-20.497194865485007
-20.472222916830155
-20.477500687661855
-20.472725680785235
-20.46799842397738
-20.473318439737607
-20.47858525534023
-20.473799402786828
-20.47906140875896
-20.48427079467137
-20.46942808672466
-20.47473380585741
-20.469986467798837
-20.45528660312085
-20.440733737089644
-20.44632639971875
-20.411863135721564
-20.40774450436435
-20.413667059320705
-20.409530388727497
-20.415435084840222
-20.41128073399182
-20.417167926651903
-20.422996247385385
-20.41876628491153
-20.424578622062416
-20.430332835841792
-20.436029507483376
-20.44166921240854
-20.447252520284458
-20.452779995081613
-20.448252195130795
-20.453769673179487
-20.44923197644769
-20.454739656683216
-20.460192260116386
-20.445590337515224
-20.451134434140073
-20.456623089798672
-20.442056858900685
-20.447636290311678
-20.433159927408564
-20.43882832813448
-20.434440044853133
-20.440095644404604
-20.445694687960557
-20.44123774108095
-20.426825363670144
-20.432557110033443
-20.43823153893311
-20.433849223543778
-20.439510731308342
-20.44511562399526
-20.45066446775531
-20.456157823077756
-20.46159624484698
-20.456980282398508
-20.45241047957452
-20.457886374778777
-20.46330751103099
-20.45867443592068
-20.464087691561474
-20.46944681464586
-20.4747523464994
-20.470004823034404
-20.46530477480406
-20.440651727056018
-20.44624520978546
-20.441782757687605
-20.42736493011073
-20.433091280809624
-20.438760368001528
-20.444372764321514
-20.4499290366783
-20.455429746311516
-20.4608754488484
-20.44626669435992
-20.451804027416323
-20.45728598714216
-20.46271312727074
-20.45808599599803
-20.46350513603805
-20.448870084677672
-20.454381383830896
-20.439837569992587
-20.44543919429266
-20.450984802349733
-20.456474954326236
-20.451910204782973
-20.457391102735144
-20.462817191707792
-20.458189019790712
-20.453607129592804
-20.459071058296878
-20.454480347713908
-20.45993554423677
-20.4553361887944
-20.450782826906458
-20.456274998637394
-20.461712248651022
-20.467095126164512
-20.47242417490287
-20.46769993315384
-20.4730229338223
-20.458292704484077
-20.463709777439238
-20.469072679664848
-20.4743819528682
-20.479638133339517
-20.47484175200612
-20.47009333448606
-20.4553924011412
-20.460838477129787
-20.45623009235849
-20.461667791434905
-20.457051113520556
-20.46248060238535
-20.457855796361496
-20.463277238397882
-20.458644466013904
-20.454058021353763
-20.459517441140225
-20.464922266728824
-20.470273044061535
-20.46557031362092
-20.470914610484712
-20.466205464379865
-20.471543409736068
-20.45682797563871
-20.462259695882324
-20.4676370989235
-20.462960727934263
-20.46833112065492
-20.473647809448373
-20.47891133135389
-20.47412221804035
-20.45938099585995
-20.46478718590135
-20.460139314042337
-20.445537920901916
-20.451082541692898
-20.45657171627597
-20.462005999113213
-20.45738593912208
-20.46281207973086
-20.46818395893355
-20.473502119344218
-20.478767098150776
-20.48397942716927
-20.46913963289758
-20.474448236568605
-20.469703754202918
-20.465006716660888
-20.45035664949428
-20.45585308299934
-20.46129455216935
-20.456681606647656
-20.46211479058118
-20.44749364267537
-20.443018706248616
-20.44858851918613
-20.43410263399427
-20.43976160765433
-20.445363991577786
-20.45091035166201
-20.45640124814539
-20.461837235663936
-20.457218863307297
-20.462646674674225
-20.458020207927483
-20.46344000584821
-20.46880560578973
-20.474117549731833
-20.479376374234516
-20.484582610492172
-20.48973678438725
-20.49483941654338
-20.499891022377945
-20.504892112154167
-20.509843191032626
-20.5047447591223
-20.509697311531077
-20.504600338415766
-20.499554335031608
-20.50455879168129
-20.509513203764477
-20.514418071726833
-20.509273891009563
-20.514181152099468
-20.519039340578473
-20.523848947172688
-20.52861045770096
-20.513324353123952
-20.518191109592713
-20.523009198496787
-20.52777910651182
-20.5325013154467
-20.537176302292234
-20.531804539269313
-20.53648649387662
-20.541121628937855
-20.54571041264848
-20.550253308521995
-20.544750775436775
-20.539303267682406
-20.53391023500558
-20.518571132655527
-20.52338542132897
-20.528151567115682
-20.532870051444526
-20.53754135093008
-20.54216593742078
-20.54674427804657
-20.551276835266105
-20.555764066913444
-20.56020642624431
-20.544604361981868
-20.54915831836205
-20.55366673517843
-20.55813006782665
-20.552548767148384
-20.5570232794769
-20.561453046682132
-20.55583851621531
-20.550280131053157
-20.534777329742628
-20.5294295564452
-20.524135260880747
-20.52889390827194
-20.53360496918922
-20.518268919497327
-20.523086230302354
-20.527855367999333
-20.53257681431934
-20.53725104617615
-20.531878535714387
-20.536559750357245
-20.541194152853674
-20.535782211325134
-20.520424389211882
-20.525220145319764
-20.529967943866566
-20.5346682644279
-20.53932158178362
-20.543928365965787
-20.54848908230613
-20.55300419148307
-20.55747414956824
-20.56189940807256
-20.566280413991834
-20.570617609851915
-20.574911433753396
-20.57916231941586
-20.5733706962217
-20.577636989259485
-20.58186061936689
-20.58604201317322
-20.59018159304149
-20.584279777111075
-20.588436979339964
-20.592552609546566
-20.5966270834511
-20.590660812616587
-20.59475420449042
-20.59880666244552
-20.602818595821063
-20.606790409862853
-20.610722505764226
-20.604615280706582
-20.608569127899518
-20.612483436620522
-20.606358602254318
-20.610295016231774
-20.604192066069455
-20.60815014540876
-20.612068643954675
-20.61594795751513
-20.619788477939977
-20.62359059316058
-20.627354687228973
-20.621081140356683
-20.624870328953115
-20.628621625663584
-20.63233540940695
-20.63601205531288
-20.63965193475975
-20.643255415412153
-20.64682286125803
-20.650354632645453
-20.653851086318998
-20.647312575455807
-20.650839449701248
-20.654331055204235
-20.657787744652193
-20.66120986720567
-20.664597768533614
-20.667951790848278
-20.671272272939795
-20.674559550210397
-20.677813954708295
-20.681035815161213
-20.674225457009598
-20.677483202439504
-20.68070837041511
-20.68390128671096
-20.67706227384385
-20.67029165110541
-20.673588734594354
-20.676852847248412
-20.68008431877593
-20.68328347558817
-20.686450640832287
-20.689586134423966
-20.682690273079725
-20.675863370348928
-20.67910473664544
-20.672313689278983
-20.675590552386193
-20.67883464686233
-20.682046300393708
-20.685225837389773
-20.688373579015874
-20.691489843225717
-20.694574944793462
-20.697629195345527
-20.700652903392072
-20.70364637435815
-20.69660991061457
-20.699643811508423
-20.70264737339334
-20.705620899659408
-20.698564690662813
-20.691579043756185
-20.694663253318623
-20.69771662078544
-20.690739454577585
-20.683832060031808
-20.68699373943149
-20.680123802037173
-20.6733225640168
-20.676589338376633
-20.679823444992866
-20.683025210542937
-20.676194958437506
-20.65943300885313
-20.6528386787646
-20.656310291976954
-20.659747189057185
-20.663149717166615
-20.66651821999495
-20.659853037795
-20.66325450741705
-20.66662196234288
-20.65995574271945
-20.66335618529226
-20.666722623439338
-20.660055397204943
-20.663454843232895
-20.636820294800565
-20.64045209185256
-20.634047570934033
-20.617707095224695
-20.62153002427245
-20.615314724029723
-20.619161576789427
-20.622969961021532
-20.626740261411317
-20.630472858797205
-20.634168130209233
-20.63782644890714
-20.64144818441807
-20.64503370257389
-20.648583365548152
-20.65209753189267
-20.635576556573746
-20.639220791008007
-20.642828583097927
-20.646400297266947
-20.649936294294278
-20.623436931351335
-20.627202562037823
-20.630930536417445
-20.63462123105327
-20.63827501874274
-20.641892268555313
-20.64547334586976
-20.63901861241106
-20.63262842628695
-20.636302142024082
-20.63993912060384
-20.633539729397803
-20.637204332103828
-20.64083228878279
-20.644423965894962
-20.63797972623601
-20.64159992897365
-20.645183929683917
-20.62873209038708
-20.622444769483206
-20.626220321788374
-20.609958118570493
-20.603858537384788
-20.59781995201094
-20.60184175249083
-20.59582333496592
-20.58986510161626
-20.583966450600098
-20.588126786094097
-20.592245518233156
-20.596323063050825
-20.590359832420315
-20.594456234096114
-20.598511671755155
-20.602526555037603
-20.596501289487225
-20.600536276592354
-20.59453091382643
-20.578585604688165
-20.582799748641285
-20.576971751154872
-20.581202033643326
-20.565390013306892
-20.569736113173825
-20.57403875204209
-20.568298364521667
-20.57261538087645
-20.576889227067685
-20.58112033479701
-20.57530913144904
-20.57955604013455
-20.553760479733203
-20.558222874935872
-20.562640646186512
-20.557014239724648
-20.561444097327403
-20.56582965635413
-20.57017135979059
-20.574469646192682
-20.578724949730756
-20.582937700233447
-20.577108323231112
-20.581337239998803
-20.575523867598815
-20.579768628922828
-20.5739709426336
-20.578231233207266
-20.582448920875194
-20.586624431666444
-20.59075818734978
-20.594850605476285
-20.598902099421522
-20.592913078427305
-20.58698394764303
-20.5811141081666
-20.58530296708493
-20.579449937414083
-20.573655438039943
-20.56791888365954
-20.572239694822947
-20.57651729787472
-20.580752124895973
-20.564944603647014
-20.559295157610542
-20.56370220603444
-20.568065183974095
-20.572384532134354
-20.57666068681301
-20.57089407994488
-20.565185139145427
-20.569533287753973
-20.573837954876435
-20.57809957532767
-20.582318579574395
-20.57649539377865
-20.57073043984086
-20.575023135442454
-20.55927290408803
-20.56368017504715
-20.56804337329668
-20.57236293956371
-20.576639310168073
-20.580872917066394
-20.585064187895732
-20.589213546016776
-20.59332141055661
-20.577388196451043
-20.57161431448653
-20.575898171341667
-20.57013918962825
-20.554437797731968
-20.54889341975465
-20.553404485557103
-20.537870440701532
-20.54249173629452
-20.547066818931576
-20.53159615074226
-20.536280189234837
-20.52091738734249
-20.515708213469065
-20.520551131334376
-20.51534562002103
-20.52019216382082
-20.52499024218261
-20.529740339760785
-20.524442936363176
-20.529198506999546
-20.533906521929552
-20.538567456710258
-20.543181782143154
-20.537749964321723
-20.542372464678508
-20.526948740031724
-20.521679252631404
-20.52646246010509
-20.53119783550404
-20.525885857149
-20.53062699857751
-20.525320728591733
-20.530067521305817
-20.534766846092758
-20.53941917763183
-20.514024985855514
-20.51888473599696
-20.52369588863699
-20.52845892975062
-20.533174340453115
-20.527842597048583
-20.532564171078096
-20.527238529367313
-20.521966144073637
-20.5167464826329
-20.521579017806573
-20.526363227628508
-20.531099595352224
-20.5257885993987
-20.520530713404714
-20.515325406270666
-20.52017215220796
-20.514970430685878
-20.49982072637902
-20.49482251911523
-20.479874293924077
-20.48507555098484
-20.49022479547499
-20.495322547520242
-20.500369322045042
-20.505365628824592
-20.510311972536346
-20.50520885281098
-20.510156764282872
-20.505055196640043
-20.50000464467364
-20.505004598226904
-20.489954552244637
-20.485055006722188
-20.49020445665497
-20.49530241208842
-20.50034938796754
-20.505345894087863
-20.510292435146987
-20.51518951079552
-20.520037615687563
-20.52483723953069
-20.529588867135384
-20.51429297846403
-20.519150048679393
-20.5239585481926
-20.528718962710673
-20.523431773083566
-20.51819745535273
-20.523015480799202
-20.52778532599121
-20.5325074727313
-20.51718239800399
-20.52201057402395
-20.52679046828371
-20.531522563600873
-20.536207337964864
-20.530845264585214
-20.535536811939362
-20.530181443819966
-20.534879629381766
-20.539530833087948
-20.54413552475707
-20.5486941695095
-20.553207227814404
-20.55767515553626
-20.562098403980897
-20.56647741994109
-20.57081264574168
-20.56510451928426
-20.55945347409142
-20.563858939350506
-20.568220349957002
-20.572538146457433
-20.57681276499286
-20.58104463734293
-20.5852341909695
-20.58938184905981
-20.593488030569212
-20.597553150263522
-20.591577618760887
-20.59566184257328
-20.599705224147545
-20.59370817190607
-20.59777109018701
-20.60179337928514
-20.59577544549229
-20.589817691037368
-20.593919514126995
-20.597980318985726
-20.60200051579587
-20.595980510637908
-20.60002070553153
-20.604020498476217
-20.607980293491455
-20.61190049055654
-20.605781485650972
-20.609723670794462
-20.61362643408652
-20.617490169745654
-20.611315268048198
-20.615202115367715
-20.61905009421404
-20.612859593271896
-20.606730997339177
-20.610663687365786
-20.604557050492126
-20.598511479987202
-20.60252636518733
-20.606501101535457
-20.610436090520103
-20.614331729614904
-20.618188412318755
-20.612006528195568
-20.605886462913613
-20.60982759828448
-20.613729322301634
-20.61759202907862
-20.621416108787834
-20.625201947699956
-20.618949928222957
-20.60276042894073
-20.606732824651324
-20.590665496404814
-20.584758841440763
-20.588911253026357
-20.58302214049609
-20.577191919091128
-20.581419999900216
-20.585605799901217
-20.589749741902207
-20.573852244483184
-20.56811372203835
-20.572432584817967
-20.566708258969786
-20.541041176380087
-20.545630764616288
-20.550174456970126
-20.544672712400423
-20.54922598527642
-20.533733725423655
-20.53839638816942
-20.543012424287728
-20.54758230004485
-20.552106477044404
-20.54658541227396
-20.52111955815122
-20.52590836256971
-20.53064927894401
-20.52534278615457
-20.530089358293026
-20.534788464710097
-20.539440580062998
-20.54404617426237
-20.54860571251975
-20.54311965539455
-20.537688458840602
-20.542311574252196
-20.546888458509674
-20.531419573924577
-20.536105378185333
-20.54074432440348
-20.525336881159447
-20.510083512347855
-20.514982677224378
-20.519832850452136
-20.514634521947613
-20.489488176728138
-20.494593294960858
-20.489647362011247
-20.494750888391135
-20.499803379507224
-20.504805345712153
-20.50975729225503
-20.50465971933248
-20.509613122139157
-20.514516990917766
-20.50937182100859
-20.5042781027985
-20.509235321770518
-20.494142968552815
-20.499201538867286
-20.504209523478615
-20.509167428243828
-20.48407575396139
-20.489234996421775
-20.494342646457557
-20.49939921999298
-20.50440522779305
-20.49936117551512
-20.50436756375997
-20.49932388812237
-20.494330649241146
-20.489387342748735
-20.49449346932125
-20.489548534628035
-20.494653049281755
-20.489706518788935
-20.494809453601047
-20.469861359065035
-20.475162745474385
-20.480411118019642
-20.46560700683945
-20.460950936771052
-20.466341427403343
-20.47167801312931
-20.47696123299802
-20.48219162066804
-20.48736970446136
-20.492496007416747
-20.48757104734258
-20.492695336869154
-20.497768383500464
-20.50279069966546
-20.487762792668807
-20.49288516474212
-20.4979563130947
-20.502976749963754
-20.497946982464114
-20.502967512639472
-20.497937837513078
-20.472958459137946
-20.478228874546566
-20.4734465858011
-20.47871211994309
-20.46392499874366
-20.469285748756224
-20.454592891268664
-20.460046962355978
-20.46544649273242
-20.450792027805097
-20.456284107527047
-20.46172126645178
-20.45710405378726
-20.44253301324939
-20.448107683116895
-20.443626606285726
-20.44919034022287
-20.454698436820642
-20.460151452452436
-20.465549937927914
-20.460894438548635
-20.46628549416315
-20.47162263922152
-20.466906412829303
-20.47223734870101
-20.477514975214003
-20.482739825461863
-20.487912427207245
-20.493033302935174
-20.46810296990582
-20.473421940206762
-20.458687720804697
-20.45410084359665
-20.459559835160682
-20.464964236809077
-20.460314594440987
-20.455711448496576
-20.45115433401161
-20.45664279067149
-20.452076362764775
-20.437555599137127
-20.443180043145755
-20.4487482427143
-20.444260760287154
-20.449818152684283
-20.45531997115744
-20.460766771445865
-20.456159103731405
-20.46159751269409
-20.46698153756715
-20.47231172219148
-20.47758860496957
-20.482812718919874
-20.487984591730676
-20.49310474581337
-20.488173698355233
-20.493291961371682
-20.498359041757965
-20.503375451340386
-20.50834169682698
-20.50325827985871
-20.508225697060123
-20.51314344008952
-20.508012005688627
-20.51293188563174
-20.50780256677542
-20.502724541107668
-20.50769729569659
-20.502620322739624
-20.507594119512227
-20.512518178317105
-20.517392996533935
-20.522219066568596
-20.52699687590291
-20.53172690714388
-20.536409638072442
-20.531045541691718
-20.5257350862748
-20.510477735412053
-20.505372958057933
-20.500319228477352
-20.50531603619258
-20.51026287583065
-20.515160247072345
-20.51000864460162
-20.514908558155604
-20.509759472574046
-20.514661877848308
-20.519515259069827
-20.51432010647913
-20.519176905414337
-20.513985136360194
-20.518845284996594
-20.50365683214663
-20.48862026382516
-20.49373406118691
-20.49879672057504
-20.50380875336929
-20.5087706658356
-20.513682959177242
-20.49854612958547
-20.493560668289614
-20.48862506160672
-20.493738810990653
-20.488801422880744
-20.47391340865194
-20.469174274565418
-20.474482531819763
-20.479737706501567
-20.46494032943655
-20.470290926142187
-20.465588016880766
-20.47093213671196
-20.46622281534484
-20.47156058719139
-20.476844981319477
-20.482076531506284
-20.487255766191222
-20.49238320852931
-20.48745937644402
-20.49258478267958
-20.48765893485278
-20.48278234550425
-20.477954522049206
-20.483174976828714
-20.478343227060424
-20.48355979478982
-20.488724196841922
-20.483836954873503
-20.478998585324767
-20.48420859947152
-20.489366513476803
-20.494472848342035
-20.499528119858613
-20.50453283866003
-20.49948751027343
-20.504492635170696
-20.50944770881899
-20.5143532317308
-20.519209699413494
-20.514017602419358
-20.508877426395163
-20.51378865213121
-20.4986507656099
-20.5036642579538
-20.508627615374262
-20.50354133922052
-20.508505925828313
-20.51342086657003
-20.51828665790433
-20.513103791325285
-20.51797275341203
-20.522793025877913
-20.517565095619133
-20.52238944466294
-20.527165550216314
-20.531893894714152
-20.536574955767012
-20.54120920620934
-20.54579711414725
-20.550339143005775
-20.55483575157572
-20.549287394059963
-20.553794520119364
-20.538256574918172
-20.54287400916899
-20.5474452690773
-20.541970816386527
-20.53655110822266
-20.541185597140434
-20.54577374116903
-20.550316003757338
-20.534812843719767
-20.529464715282568
-20.534170068129743
-20.538828367448446
-20.53344008377396
-20.538105682936223
-20.54272462610686
-20.54729737984579
-20.541824406047333
-20.54640616198686
-20.550942100366992
-20.555432679363324
-20.55987835256969
-20.564279569043993
-20.55863677335355
-20.553050405620017
-20.55751990156382
-20.53194470254818
-20.5366252555227
-20.541259002967475
-20.545846412937802
-20.540387948808423
-20.54498406932034
-20.539534228627137
-20.544138886340864
-20.548697497477455
-20.55321052250268
-20.547678417277652
-20.542201633104874
-20.546779616773826
-20.541311820606087
-20.545898702400027
-20.550439715376026
-20.554935318222267
-20.54938596504004
-20.553892105389643
-20.558353184335747
-20.552769652492387
-20.54724195596746
-20.551769536407786
-20.546251841043706
-20.550789322633268
-20.555281429406936
-20.559728615112867
-20.554131328961738
-20.54859001567212
-20.5531041155154
-20.557573074360246
-20.561997343616643
-20.556377370180474
-20.56081359647867
-20.555205460513882
-20.559653405908744
-20.564056871849658
-20.55841630313116
-20.56283214009985
-20.567203818698854
-20.571531780511865
-20.575816462706747
-20.58005829807968
-20.584257715098886
-20.588415137947898
-20.57253098656842
-20.576805676702737
-20.58103761993571
-20.585227243736355
-20.57937497129899
-20.583581221586
-20.57774540937014
-20.56196795527644
-20.566348275723676
-20.57068479296644
-20.574977945036775
-20.579228165586407
-20.583435883930544
-20.56760152509124
-20.57192550984033
-20.576206254741926
-20.58044419219451
-20.574639750272564
-20.548893352769838
-20.553404419242142
-20.55787037504972
-20.562291671299224
-20.55666875458623
-20.56110206704037
-20.565491046369967
-20.559836135906266
-20.564237774547205
-20.568595396801733
-20.562909442833714
-20.567280348405376
-20.561607544921323
-20.56599146947211
-20.560331554777388
-20.534728239229615
-20.52938095683732
-20.514087147268945
-20.518946275796257
-20.523756813038293
-20.508519244907912
-20.503434052458832
-20.508399711934246
-20.513315714814905
-20.518182557666755
-20.52300073209009
-20.50777072476919
-20.4926930175215
-20.487766087346284
-20.48288842647282
-20.48805954220809
-20.49317894678601
-20.48824715731815
-20.47336468574497
-20.47863103888752
-20.483844728498646
-20.48900628121366
-20.494116218401523
-20.499175056217506
-20.50418330565533
-20.509141472598778
-20.51405005787279
-20.498909557294063
-20.503920461721123
-20.508881257103912
-20.503792444532873
-20.508754520087546
-20.51366697488667
-20.508530305137803
-20.503445002086423
-20.50841055206556
-20.513326446544905
-20.508193182079456
-20.51311125025866
-20.517980137756073
-20.522800336378513
-20.527572333014728
-20.52229660968458
-20.527073643587737
-20.52180290715186
-20.526584878080342
-20.53131902929954
-20.536005839006545
-20.54064578061648
-20.535239322810313
-20.51988692958221
-20.514688060286385
-20.51954117968352
-20.524345767886686
-20.519102310207817
-20.51391128710574
-20.51877217423468
-20.51358445249233
-20.508448607967406
-20.493364121887733
-20.49843048066886
-20.50344617586217
-20.50841171410355
-20.513327596962515
-20.51819432099289
-20.523012377782962
-20.527782254005132
-20.53250443146508
-20.53717938715043
-20.54180759327893
-20.536389517346137
-20.531025622172674
-20.53571536595095
-20.54035821229144
-20.534954630168524
-20.53960508386684
-20.54420903302817
-20.54876694269789
-20.53327927327091
-20.5279464805382
-20.53266701573282
-20.52734034557549
-20.522066942119732
-20.526846272698535
-20.52157780997155
-20.526362031871834
-20.531098411553117
-20.515787427437587
-20.51062955316321
-20.51552325763158
-20.520368025055262
-20.52516434480471
-20.519912701356663
-20.514713574343094
-20.509566438599663
-20.514470774213667
-20.519326066471532
-20.52413280580682
-20.52889147774875
-20.533602562971264
-20.538266537341553
-20.542883871968137
-20.547455033248458
-20.551980482915972
-20.556460678086815
-20.560896071305947
-20.565287110592887
-20.56963423948696
-20.56393789709209
-20.568298518121168
-20.562615532939954
-20.566989377610554
-20.56131948383445
-20.565706288996104
-20.56004922610614
-20.56444873384508
-20.56880424650663
-20.573116204041565
-20.57738504200115
-20.58161119158114
-20.575795079665326
-20.570037128868673
-20.57433675757999
-20.57859339000419
-20.58280745610415
-20.58697938154311
-20.59110958772768
-20.595198491850404
-20.5992465069319
-20.593254041862583
-20.597321501443957
-20.60134828642952
-20.605334803565224
-20.609281455529572
-20.61318864097428
-20.617056754564537
-20.620886187018893
-20.624677325148706
-20.61843055189722
-20.622246246378246
-20.626023783914466
-20.62976354607532
-20.633465910614568
-20.63713125150842
-20.640759938993337
-20.634352339603403
-20.63800881620737
-20.641628728045298
-20.645212440764844
-20.638760316357196
-20.642372713193623
-20.645948986061686
-20.64948949620107
-20.612994601239063
-20.616864655226674
-20.620696008674408
-20.624489048587662
-20.618244158101785
-20.612061716520767
-20.61594109935556
-20.579781688362004
-20.583983871478384
-20.5781440327636
-20.57236259243596
-20.576638966511602
-20.580872576846488
-20.555063851078025
-20.559513212567246
-20.543918080441575
-20.53847889963716
-20.543094110640787
-20.54766316953438
-20.552186537839038
-20.55666467246065
-20.551098025736042
-20.55558704547868
-20.550031175023893
-20.554530863273655
-20.55898555464092
-20.53339569909451
-20.538061742103565
-20.54268112468253
-20.547254313435705
-20.55178177030135
-20.556263952598336
-20.560701313072354
-20.55509429994163
-20.559543356942214
-20.563947923372794
-20.568308444139067
-20.57262535969768
-20.5568991061007
-20.561330115039695
-20.5657168138893
-20.57005964575041
-20.564359049292904
-20.568715458799975
-20.563028304211976
-20.567398021169858
-20.57172404095816
-20.56600680054858
-20.570346732543094
-20.56464326521766
-20.568996832565485
-20.553306864239833
-20.547773795597433
-20.55229605764146
-20.556773097065047
-20.551205366094397
-20.535693312433455
-20.54033637930912
-20.54493301551603
-20.54948368536087
-20.55398884850726
-20.548448960022185
-20.552964470421962
-20.557434825717742
-20.561860477460566
-20.56624187268596
-20.5605794539591
-20.56497365941951
-20.569323922825316
-20.573630683597063
-20.577894376761094
-20.57211543299348
-20.556394278663547
-20.56083033587691
-20.55522203251814
-20.55966981219296
-20.55407311407103
-20.54853238293032
-20.553047059101015
-20.527516588510004
-20.5222414226249
-20.507019008398654
-20.501948818314666
-20.49692933013152
-20.501960036830205
-20.506940436461903
-20.501871032097284
-20.50685232177631
-20.501783798558545
-20.50676596057296
-20.501698300967227
-20.506681317957554
-20.511614504777977
-20.4964983597302
-20.491533376132896
-20.49661804237157
-20.49165186194785
-20.486735343328373
-20.48186798989509
-20.46704930999614
-20.472378816896178
-20.477655028727217
-20.462878478439947
-20.438249693655546
-20.44386719671899
-20.4394285247518
-20.445034239504285
-20.450583897109244
-20.456078058138154
-20.461517277556773
-20.466902104781205
-20.46223308373339
-20.467610752896057
-20.462934645367095
-20.468305298913425
-20.463622245924288
-20.458986023465044
-20.454396163230392
-20.45985220159809
-20.46525367958211
-20.47060114278629
-20.455895131358428
-20.451336180044844
-20.446822818244396
-20.45235459006195
-20.44783104416133
-20.45335273371972
-20.458819206382522
-20.454231014318697
-20.44968870417551
-20.455191817133755
-20.46063989896242
-20.466033499972795
-20.471373164973066
-20.476659433323338
-20.481892838990106
-20.487073910600206
-20.492203171494204
-20.48728113977926
-20.482408328381467
-20.487584245097654
-20.472708402646678
-20.477981318620213
-20.47320150543401
-20.46846949037967
-20.473784795475872
-20.479046947521113
-20.484256478045904
-20.489413913265444
-20.49451977413279
-20.499574576391463
-20.49457883062755
-20.499633042321275
-20.504636711898062
-20.50959034477908
-20.51449444133129
-20.51934949691798
-20.5241560019488
-20.528914441929313
-20.53362529751002
-20.52828904453492
-20.52300615408957
-20.527776092548674
-20.522498331623186
-20.527273348306956
-20.532000614823886
-20.526680608675647
-20.53141380258889
-20.536099664563
-20.53073866791737
-20.525431281238195
-20.530176968425813
-20.534875198741556
-20.53952644675414
-20.544131182286602
-20.548689870463736
-20.5532029717591
-20.557670942041508
-20.542094232621093
-20.546673290294883
-20.551206557391936
-20.545694491818015
-20.540237546899835
-20.514835171430835
-20.51968681971653
-20.514489951519362
-20.51934505200417
-20.48415160148413
-20.48931008546929
-20.494416984614595
-20.49947281476845
-20.494478086620763
-20.489533305754556
-20.49463797269701
-20.479691592970042
-20.48489467704034
-20.490045730269937
-20.49514527296724
-20.490193820237565
-20.485291882035188
-20.480438963214834
-20.475634573582685
-20.48087822784686
-20.48606944556839
-20.45120875111271
-20.456696663601583
-20.452129696965567
-20.44760839999591
-20.44313231599595
-20.44870099283599
-20.434213982907632
-20.429871843078555
-20.43557312464777
-20.441217393401296
-20.446805219467283
-20.45233716727261
-20.457813795599886
-20.46323565764389
-20.45860330106745
-20.454017268056774
-20.449477095376206
-20.444982324422444
-20.440532501178218
-20.446127176166435
-20.45166590440477
-20.44714924536072
-20.412677752907115
-20.398550975378043
-20.39456546562426
-20.40061981096802
-20.39661361285834
-20.392647476729753
-20.398721001962457
-20.39473379194283
-20.400786454023404
-20.40677858948317
-20.41271080358834
-20.408583695552455
-20.40449785859693
-20.39045288001096
-20.386548351210852
-20.382682867698744
-20.388856039021757
-20.39496747863154
-20.391017803845223
-20.38710762580677
-20.383236549548702
-20.389404184053216
-20.395510142212686
-20.40155504079056
-20.407539490382653
-20.413464095478826
-20.41932945452404
-20.4251361599788
-20.42088479837901
-20.39667595039522
-20.40270919089127
-20.408682098982357
-20.414595277992536
-20.420449325212612
-20.416244831960483
-20.40208238364088
-20.408061559804473
-20.403980944206427
-20.409941134764363
-20.41584172341672
-20.42168330618255
-20.427466473120727
-20.43319180838952
-20.428859890305624
-20.43457129140257
-20.430225578488542
-20.43592332270366
-20.44156408947662
-20.447148448581856
-20.45267696409604
-20.42815019445508
-20.43386869251053
-20.439530005585425
-20.445134705529572
-20.440683358474274
-20.426276524889534
-20.43201375964064
-20.417693622044233
-20.42351668582379
-20.41928151896555
-20.425088703775895
-20.420837816738135
-20.41662943857075
-20.422463144185045
-20.428238512743196
-20.433956127615765
-20.43961656633961
-20.445220400676213
-20.44076819666945
-20.446360514702754
-20.441896909555727
-20.44747794046017
-20.45300316105557
-20.458473129445014
-20.453888398150564
-20.45934951416906
-20.46475601902737
-20.460108458837095
-20.45550737424872
-20.450952300506234
-20.446442777501172
-20.44197834972616
-20.4475585662289
-20.45308298056661
-20.448552150760943
-20.454066629253333
-20.4595259629608
-20.46493070333119
-20.450281396297882
-20.455778582334904
-20.451220796511553
-20.456708588546437
-20.462141502660973
-20.467520087634362
-20.47284488675802
-20.47811643789044
-20.473335273511534
-20.47860192077642
-20.473815901568656
-20.45907774255297
-20.45448696512744
-20.439942095476166
-20.445542674521406
-20.451087247776194
-20.44657637529843
-20.452110611545447
-20.457589505429993
-20.463013610375693
-20.44838347427194
-20.443899639529217
-20.439460643133923
-20.445066036702585
-20.45061537633556
-20.456109222572206
-20.461548130346483
-20.45693264904302
-20.46236332255259
-20.457739689327063
-20.463162292433793
-20.468530669509455
-20.453845362814363
-20.45930690918622
-20.454713840094357
-20.460166701693414
-20.44556503467648
-20.441109384329714
-20.426698290486417
-20.42243130758155
-20.398206994505735
-20.40422492456068
-20.400182675315072
-20.406180848561924
-20.412119040076306
-20.407997849675542
-20.403917871178788
-20.399878692467
-20.405879905542328
-20.411821106486904
-20.417702895422035
-20.413525866467815
-20.419390607803138
-20.425196701725106
-20.430944734707857
-20.426635287360778
-20.432368934487172
-20.4280452451423
-20.433764792690877
-20.439427144763968
-20.415032873316328
-20.410882544583163
-20.416773719137332
-20.42260598194596
-20.3983799221265
-20.394396122905235
-20.390452161676183
-20.39654764005942
-20.402582163658828
-20.40855634202224
-20.41447077860202
-20.420326070816
-20.42612281010784
-20.421861582006763
-20.407642966186696
-20.403566536524828
-20.40953087115958
-20.415435562447982
-20.411281206823503
-20.41716839475527
-20.422996710807716
-20.39876674369964
-20.384779076262642
-20.370931285500017
-20.367221972645016
-20.373549752918567
-20.37981425538938
-20.376016112835487
-20.382255951707133
-20.368433392190063
-20.37474905826816
-20.38100156768548
-20.387191552008627
-20.38331963648854
-20.389486440123655
-20.38559157572242
-20.391735659965196
-20.397818303365543
-20.40384012033189
-20.40980171912857
-20.415703701937286
-20.421546664917912
-20.427331198268735
-20.433057886286047
-20.438727307423186
-20.444340034348954
-20.449896634005466
-20.44539766766541
-20.45094369098876
-20.45643425407887
-20.461869911538084
-20.467251212422703
-20.462578700298476
-20.45795291329549
-20.463373384162534
-20.46873965032091
-20.4740522538177
-20.479311731279523
-20.484518613966728
-20.48967342782706
-20.48477669354879
-20.489928926613302
-20.485029637347168
-20.480179340973695
-20.48537754756396
-20.49052377208832
-20.495618534367438
-20.500662349023763
-20.505655725533526
-20.51059916827819
-20.49549317659541
-20.500538244829457
-20.505532862381163
-20.510477533757353
-20.51537275841978
-20.520219030835584
-20.515016840527228
-20.519866672121957
-20.524668005400738
-20.529421325346732
-20.534127112093266
-20.528785840972333
-20.53349798256261
-20.538163002736987
-20.532781372709614
-20.52745355898252
-20.532179023392693
-20.536857233158766
-20.53148866082718
-20.53617377421891
-20.54081203647672
-20.53540391611195
-20.54004987695083
-20.544649378181322
-20.54920288439951
-20.543710855555513
-20.53827374699996
-20.54289100952996
-20.54746209943466
-20.551987478440314
-20.55646760365591
-20.560902927619352
-20.56529389834316
-20.56964095935973
-20.573944549766136
-20.548205104268472
-20.552723053225787
-20.55719582269353
-20.561623864466593
-20.536007625821927
-20.52064754956371
-20.525441074068073
-20.53018666332739
-20.53488479669412
-20.519535948727178
-20.524340589239905
-20.529097183347506
-20.52380621151403
-20.528568149398893
-20.523282467904902
-20.49804964322585
-20.49306914679359
-20.498138455325655
-20.5031570707724
-20.498125500064674
-20.493144245064027
-20.488212802613386
-20.493330674587252
-20.49839736784138
-20.493413394162967
-20.488479260221336
-20.48359446761912
-20.47875852294293
-20.4839709377135
-20.489131228336365
-20.494239916053
-20.499297516892472
-20.494304541723547
-20.499361496306314
-20.484367881343253
-20.48952420252982
-20.494628960504524
-20.489682670899477
-20.49478584419048
-20.499837985748577
-20.49483960589109
-20.49989120983218
-20.50489229773386
-20.50984337475652
-20.514744941008956
-20.51959749159887
-20.524401516682882
-20.529157501516053
-20.523865926500893
-20.528627267235883
-20.533340994563524
-20.53800758461789
-20.542627508771712
-20.547201233683996
-20.541729221347154
-20.546311929133683
-20.540848809842345
-20.53544032174392
-20.540085918526483
-20.54468505934122
-20.539238208747808
-20.54384582666033
-20.538407368393727
-20.54302329470979
-20.547593061762694
-20.552117131145067
-20.55659595983362
-20.561030000235284
-20.565419700232933
-20.569765503230606
-20.5740678481983
-20.578327169716317
-20.582543898019154
-20.586718459038963
-20.590851274448575
-20.59494276170409
-20.588993334087046
-20.593103400746177
-20.597172366738715
-20.601200643071326
-20.605188636640612
-20.609136750274207
-20.613045382771464
-20.61691492894375
-20.610745779654312
-20.604638321857767
-20.60859193863919
-20.6125060192528
-20.60638095906027
-20.61031714946967
-20.614213977974973
-20.618071838195224
-20.611891119813272
-20.61577220861514
-20.61961448652899
-20.6234183416637
-20.627184158247065
-20.630912316664595
-20.63460319349795
-20.63825716156297
-20.64187458994734
-20.645455844047866
-20.639001285607385
-20.642611272751314
-20.6461851600238
-20.649723308423564
-20.65322607533933
-20.656693814585935
-20.660126876440078
-20.663525607675677
-20.66689035159892
-20.65022144808293
-20.653719233602104
-20.657182041266083
-20.64061022085342
-20.644204118644886
-20.62776207745844
-20.621484456683852
-20.625269612117016
-20.629016915995848
-20.63272674683589
-20.61639947936753
-20.610235484573852
-20.614133129728113
-20.617991798430833
-20.601811880446526
-20.585793761642062
-20.58993582402564
-20.594036465785386
-20.598096101127535
-20.60211514011626
-20.6060939887151
-20.610033048827948
-20.61393271833967
-20.617793391156273
-20.62161545724471
-20.625399302672264
-20.61914530964554
-20.612953856549083
-20.616824317983593
-20.620656074803758
-20.624449514055723
-20.628205018915168
-20.621922968726015
-20.625703739038755
-20.619446701648368
-20.623252234631885
-20.627019712285566
-20.62074951516271
-20.624542020011084
-20.628296599810973
-20.622013633812863
-20.605793497474735
-20.60973556249999
-20.613638206874988
-20.61750182480624
-20.61132680655818
-20.615213538492597
-20.619061403107672
-20.622870789076597
-20.62664208118583
-20.630375660373975
-20.634071903770234
-20.637731184732534
-20.641353872885208
-20.644940334156356
-20.638490930814793
-20.642106021506645
-20.64568496129158
-20.639228111678662
-20.642835830561875
-20.646407472256257
-20.649943397533697
-20.643443963558358
-20.647009523922776
-20.650539428683548
-20.654034034396712
-20.657493694052746
-20.65091875711222
-20.654409569541098
-20.65786547384569
-20.661286819107232
-20.66467395091616
-20.668027211407
-20.67134693929293
-20.6746334699
-20.667887135201
-20.661208263848987
-20.6645961812105
-20.667950219398396
-20.67127071720441
-20.664558010032366
-20.66791242993204
-20.67123330563272
-20.674520972576396
-20.677775762850633
-20.680998005222126
-20.684188025169906
-20.68734614491821
-20.69047268346903
-20.69356795663434
-20.686632277067996
-20.689765954297318
-20.692868294754344
-20.6859396118068
-20.68908021568873
-20.692189413531842
-20.685267519396522
-20.68841484420256
-20.691530695760534
-20.69461538880293
-20.6976692349149
-20.700692542565754
-20.703685617140096
-20.706648760968694
-20.709582273359008
-20.71248645062542
-20.715361586119165
-20.718207970257975
-20.681025890555397
-20.684215631649842
-20.677373475333344
-20.67059974058001
-20.663893743174206
-20.667254805742466
-20.67058225768504
-20.67387643510819
-20.67713767075711
-20.680366294049538
-20.673562631109043
-20.676827004797953
-20.670058734749972
-20.673358147402475
-20.666624565928448
-20.659958320269162
-20.66335873706647
-20.666725149695807
-20.67005789819885
-20.673357319216862
-20.666623746024694
-20.669957508564448
-20.673257933478805
-20.67652535414402
-20.65976010060258
-20.663162499596552
-20.66653087460059
-20.65986556585458
-20.663266910196036
-20.656634241094075
-20.660067898683135
-20.663467219696305
-20.666832547499343
-20.66016422202435
-20.663562579804108
-20.64692695400607
-20.640457684466007
-20.644053107621346
-20.627612576545133
-20.63133645077968
-20.625023086271884
-20.608772855409168
-20.612685126855077
-20.616558275586527
-20.61039269283066
-20.614288765902355
-20.618145878243332
-20.611964419460897
-20.61584477526629
-20.619686327513627
-20.623489464238492
-20.597254569596107
-20.601282023900147
-20.585269203661145
-20.589416511624535
-20.59352234650829
-20.57758712304321
-20.571811251812775
-20.57609313929465
-20.5703322079017
-20.574628885822683
-20.57888259696446
-20.583093770994815
-20.577262833284866
-20.571490204952017
-20.575775302902496
-20.58001754987347
-20.584217374374738
-20.588375200630992
-20.59249144862468
-20.596566534138436
-20.600600868797052
-20.60459486010908
-20.60854891150799
-20.602463422392912
-20.606438788168983
-20.610374400287295
-20.614270656284422
-20.61812794972158
-20.621946670224364
-20.62572720352212
-20.629469931486902
-20.62317523217203
-20.62694347985031
-20.63067404505181
-20.61436730460129
-20.608223631555276
-20.612141395239725
-20.606019981287325
-20.60995978147445
-20.603860183659705
-20.60782158182311
-20.59174336600488
-20.595825932344834
-20.599867673021386
-20.583868996291173
-20.58803030632826
-20.59215000326498
-20.586228503232327
-20.590366218200003
-20.584462556018003
-20.578617930457824
-20.572831751153245
-20.577103433641714
-20.571332399305295
-20.575619075312243
-20.579862884559123
-20.584064255713532
-20.588223613156398
-20.592341377024834
-20.596417963254588
-20.600453783622044
-20.59444924578582
-20.598504753327962
-20.602519705794684
-20.606494508736738
-20.610429563649372
-20.60432526801288
-20.60828201533275
-20.612199195179425
-20.596077203227633
-20.600116431195357
-20.574115266883403
-20.57837411421457
-20.582590373072424
-20.586764469341702
-20.590896824648286
-20.594987856401804
-20.59903797783779
-20.603047598059412
-20.60701712207882
-20.610946950858033
-20.614837481349454
-20.60868910653596
-20.602602215470597
-20.60657619331589
-20.610510431382732
-20.614405327068905
-20.59826127379822
-20.592278661060234
-20.596355874449632
-20.590392315705135
-20.564488392548082
-20.568843508622603
-20.553155073536377
-20.557623522801013
-20.552047287573
-20.55652681469727
-20.5609615465503
-20.5653519310848
-20.569698411773953
-20.574001427656214
-20.578261413379654
-20.58247879924586
-20.5866540112534
-20.580787471140866
-20.58497959642946
-20.579129800465164
-20.573338502460512
-20.567605117435907
-20.57192906626155
-20.556209775598937
-20.560647677842947
-20.565041201064517
-20.55939078905387
-20.563796881163334
-20.568158912351702
-20.562477323228183
-20.5668525499959
-20.571184024495942
-20.555472184250984
-20.549917462408473
-20.55441828778439
-20.548874104906545
-20.543385363857478
-20.547951510218905
-20.542471995116713
-20.547047275165546
-20.55157680241389
-20.536061034389753
-20.520700424045856
-20.525493419805397
-20.53023848560734
-20.53493610075127
-20.539586739743758
-20.54419087234632
-20.538748963622854
-20.543361473986625
-20.537927859246757
-20.54254858065429
-20.537123094847747
-20.531751863899267
-20.536434345260275
-20.54107000180767
-20.545659301789595
-20.5502027087717
-20.52470068168398
-20.529453674867142
-20.534159138118472
-20.528817546737287
-20.533529371269914
-20.538194077557215
-20.51281213678164
-20.517684015413824
-20.522507175259687
-20.50728210350709
-20.51220928247202
-20.5070871896473
-20.492016317750828
-20.48709615457332
-20.482225193027585
-20.487402941097308
-20.482528911686334
-20.48770362256947
-20.482826586343773
-20.487998320480337
-20.493118337275533
-20.488187153902775
-20.493305282363746
-20.49837222954011
-20.503388507244708
-20.488354622172263
-20.49347107595054
-20.498536365191036
-20.503551001539126
-20.498515491523733
-20.503530336608495
-20.50849503324241
-20.51341008290999
-20.51827598208089
-20.513093222260082
-20.51796229003748
-20.512782667137106
-20.517654840465735
-20.512478292061076
-20.517353509140467
-20.522179974049063
-20.52695817430857
-20.531688592565487
-20.536371706639834
-20.531007989573435
-20.5356979096777
-20.540340930580925
-20.544937521275116
-20.549488146062366
-20.553993264601743
-20.548453331955724
-20.542968798636167
-20.547539110649804
-20.552063719543305
-20.54654308234787
-20.55107765152439
-20.545566875009147
-20.540111206259056
-20.544710094196464
-20.5492629932545
-20.543770363321954
-20.538332659688734
-20.532949333091846
-20.527619839760927
-20.51234364136332
-20.507220204949686
-20.51214800290019
-20.507026522871186
-20.501956257642473
-20.50693669506605
-20.51186732811539
-20.516748654834235
-20.52158116828589
-20.526365356603034
-20.531101703037002
-20.52579068600663
-20.530532779146565
-20.5352274513551
-20.53987517684155
-20.544476425073135
-20.549031660822404
-20.55354134421418
-20.55800593077204
-20.56242587146432
-20.56680161274968
-20.571133596622182
-20.575422260655962
-20.5796680380494
-20.583871357668908
-20.58803264409222
-20.592152317651298
-20.596230794474785
-20.600268486530037
-20.604265801664738
-20.60822314364809
-20.612140912211608
-20.60601950308949
-20.6099593080586
-20.613859714978013
-20.617721117828232
-20.62154390664995
-20.62532846758345
-20.629075182907616
-20.63278443107854
-20.636456586767757
-20.64009202090008
-20.633691100691077
-20.637354189684167
-20.630980647787325
-20.634670841309454
-20.63832413289636
-20.641940891567398
-20.645521482651723
-20.64906626782521
-20.652575605146957
-20.65604984909549
-20.659489350604535
-20.66289445709849
-20.666265512527506
-20.65960285740223
-20.66300682882821
-20.666376760539926
-20.669712992934528
-20.673015863005183
-20.676285704375132
-20.67952284733138
-20.682727618858067
-20.685900342669488
-20.68904133924279
-20.692150925850363
-20.69522941659186
-20.698277122425942
-20.701294351201682
-20.704281407689667
-20.687238593612772
-20.690366207676647
-20.693462545599882
-20.696527920143883
-20.699562640942446
-20.702567014533024
-20.705541344387694
-20.708485930943816
-20.711401071634377
-20.714287060918036
-20.717144190308854
-20.719972748405766
-20.72277302092171
-20.725545290712493
-20.728289837805367
-20.731006939427314
-20.73369687003304
-20.73635990133271
-20.738996302319382
-20.74160633929619
-20.74419027590323
-20.746748373144197
-20.749280889412756
-20.75178808051863
-20.754270199713442
-20.75672749771631
-20.759160222739148
-20.761568620511756
-20.76395293430664
-20.766313404963576
-20.76865027091394
-20.7709637682048
-20.773254130522755
-20.77552158921753
-20.777766373325356
-20.779988709592104
-20.772188822496183
-20.77446693427122
-20.77672226492851
-20.778955042279225
-20.781165491856434
-20.78335383693787
-20.77552029856849
-20.777765095582808
-20.77998744462698
-20.78218757018071
-20.784365694478904
-20.786522037534116
-20.778656817158772
-20.780870248987185
-20.783061546497315
-20.78523093103234
-20.78737862172202
-20.7895048355048
-20.791609787149753
-20.793693689278257
-20.795756752385476
-20.79779918486162
-20.799821193013006
-20.791822981082873
-20.793904751272045
-20.795965703759325
-20.79800604672173
-20.800025986254514
-20.79202572639197
-20.794105469128052
-20.786164414436772
-20.788302770292404
-20.79041974258948
-20.79251554516359
-20.794590389711953
-20.796644485814834
-20.788678040956686
-20.79079126054712
-20.79288334794165
-20.794954514462233
-20.797004969317612
-20.799034919624436
-20.801044570428193
