-20.0
-20.0
-20.0
-20.0
-20.01
-20.019900000000003
-20.029701000000003
-19.97940399
-19.989609950100004
-19.979713850599005
-19.979916712093015
-19.960117544972086
-19.970516369522365
-19.96081120582714
-19.97120309376887
-19.981491062831182
-19.99167615220287
-19.99175939068084
-20.001841796774034
-20.001823378806293
-20.01180514501823
-20.011687093568046
-20.011570222632365
-20.001454520406043
-20.001439975201983
-19.991425575449963
-19.991511319695462
-20.001596206498508
-20.001580244433523
-20.00156444198919
-20.001548797569296
-20.011533309593602
-20.021417976497666
-20.03120379673269
-20.040891758765365
-20.02048284117771
-20.030278012765933
-20.039975232638273
-20.04957548031189
-20.059079725508774
-20.058488928253684
-20.067904038971147
-20.067224998581434
-20.07655274859562
-20.065787221109666
-20.06512934889857
-20.064478055409584
-20.063833274855487
-20.073194942106934
-20.082462992685866
-20.091638362759006
-20.090721979131416
-20.099814759340102
-20.1088166117467
-20.117728445629233
-20.11655116117294
-20.10538564956121
-20.1143317930656
-20.11318847513494
-20.11205659038359
-20.120936024479757
-20.09972666423496
-20.09872939759261
-20.107742103616683
-20.106664682580515
-20.11559803575471
-20.114442055397163
-20.12329763484319
-20.13206465849476
-20.140744011909813
-20.149336571790716
-20.15784320607281
-20.16626477401208
-20.16460212627196
-20.16295610500924
-20.171326543959147
-20.179613278519557
-20.177817145734362
-20.176038974277017
-20.174278584534246
-20.1725357986889
-20.170810440702013
-20.179102336294992
-20.187311312932042
-20.18543819980272
-20.193583817804694
-20.201647979626646
-20.20963149983038
-20.217535184832077
-20.215359832983754
-20.213206234653917
-20.22107417230738
-20.228863430584305
-20.22657479627846
-20.214309048315677
-20.22216595783252
-20.199944298254195
-20.19794485527165
-20.205965406718935
-20.203905752651746
-20.20186669512523
-20.209848028173976
-20.187749547892235
-20.195872052413314
-20.19391333188918
-20.20197419857029
-20.209954456584587
-20.20785491201874
-20.20577636289855
-20.203718599269564
-20.211681413276867
-20.209564599144098
-20.197468953152658
-20.205494263621134
-20.193439320984922
-20.181504927775073
-20.17968987849732
-20.18789297971235
-20.196014049915224
-20.19405390941607
-20.20211337032191
-20.190092236618693
-20.198191314252508
-20.206209401109984
-20.214147307098884
-20.212005834027895
-20.219885775687615
-20.217686917930738
-20.22551004875143
-20.223254948263914
-20.231022398781278
-20.228712174793465
-20.226425053045528
-20.224160802515073
-20.211919194489923
-20.209800002545023
-20.20770200251957
-20.205624982494374
-20.21356873266943
-20.201433045342736
-20.18941871488931
-20.197524527740416
-20.195549282463013
-20.203593789638383
-20.211557851742
-20.18944227322458
-20.197547850492334
-20.19557237198741
-20.203616648267538
-20.211580481784864
-20.19946467696702
-20.18747003019735
-20.175595329895376
-20.173839376596423
-20.172100982830457
-20.180379973002154
-20.17857617327213
-20.16679041153941
-20.175122507424017
-20.18337128234978
-20.18153756952628
-20.17972219383102
-20.177924971892708
-20.16614572217378
-20.154484264952043
-20.142939422302522
-20.151510028079496
-20.1499949277987
-20.158494978520714
-20.14691002873551
-20.155440928448154
-20.163886519163672
-20.172247653972036
-20.170525177432314
-20.16881992565799
-20.15713172640141
-20.155560409137394
-20.154004805046018
-20.162464756995558
-20.1608401094256
-20.159231708331344
-20.15763939124803
-20.14606299733555
-20.144602367362197
-20.143156343688574
-20.14172478025169
-20.110307532449173
-20.11920445712468
-20.118012412553433
-20.116832288427897
-20.12566396554362
-20.104407325888182
-20.0833632526293
-20.092529620103008
-20.091604323901976
-20.100688280662958
-20.089681397856328
-20.068784583877765
-20.058096738038987
-20.057515770658597
-20.056940612952012
-20.06637120682249
-20.07570749475427
-20.074950419806726
-20.06420091560866
-20.06355890645257
-20.072923317388046
-20.082194084214166
-20.071372143372024
-20.0706584219383
-20.069951837718918
-20.07925231934173
-20.058459796148313
-20.06787519818683
-20.07719644620496
-20.07642448174291
-20.065660236925485
-20.06500363455623
-20.06435359821067
-20.063710062228562
-20.063072961606277
-20.052442231990216
-20.061917809670316
-20.051298631573612
-20.040785645257877
-20.0503777888053
-20.029874010917247
-20.019575270808076
-20.029379518099997
-20.039085722918998
-20.028694865689808
-20.01840791703291
-20.02822383786258
-20.027941599483952
-20.037662183489115
-20.037285561654222
-20.04691270603768
-20.026443578977304
-20.02617914318753
-20.015917351755657
-20.005758178238104
-20.00570059645572
-20.015643590491166
-20.025487154586255
-20.025232283040392
-20.024979960209986
-20.024730160607884
-20.024482859001804
-20.024238030411784
-20.033995650107666
-20.03365569360659
-20.033319136670524
-20.02298594530382
-20.02275608585078
-20.02252852499227
-20.032303239742348
-20.041980207344924
-20.041560405271476
-20.04114480121876
-20.050733353206574
-20.050226019674508
-20.059723759477762
-20.059126521882984
-20.048535256664156
-20.028049904097514
-20.03776940505654
-20.047391711005975
-20.036917793895917
-20.046548615956958
-20.05608312979739
-20.045522298499417
-20.04506707551442
-20.034616404759277
-20.034270240711685
-20.04392753830457
-20.04348826292152
-20.043053380292307
-20.042622846489383
-20.03219661802449
-20.031874651844245
-20.041555905325804
-20.051140346272547
-20.04062894280982
-20.030222653381724
-20.039920426847907
-20.04952122257943
-20.049026010353632
-20.048535750250096
-20.048050392747594
-20.027569888820118
-20.037294189931917
-20.046921248032596
-20.056452035552272
-20.06588751519675
-20.07522864004478
-20.074476353644332
-20.083731590107888
-20.07289427420681
-20.062165331464744
-20.071543678150096
-20.080828241368597
-20.09001995895491
-20.09911975936536
-20.108128561771707
-20.08704727615399
-20.07617680339245
-20.065415035358527
-20.06476088500494
-20.05411327615489
-20.05357214339334
-20.063036421959406
-20.06240605773981
-20.071781997162415
-20.08106417719079
-20.08025353541888
-20.069451000064692
-20.078756490064045
-20.087968925163405
-20.08708923591177
-20.086218343552652
-20.085356160117126
-20.094502598515955
-20.073557572530795
-20.06282199680549
-20.072193776837434
-20.05147183906906
-20.05095712067837
-20.040447549471587
-20.030043073976874
-20.019742643237105
-20.009545216804735
-19.99944976463669
-19.99945526699032
-19.999460714320417
-20.009466107177214
-20.019371446105442
-19.999177731644387
-19.989185954327944
-19.999294094784666
-20.00930115383682
-19.999208142298453
-20.00921606087547
-19.999123900266717
-19.98913266126405
-19.98924133465141
-19.989348921304895
-19.999455432091846
-19.989460877770927
-19.96956626899322
-19.969870606303285
-19.970171900240253
-19.980470181237852
-19.980665479425472
-19.970858824631218
-19.971150236384904
-19.981438734021054
-19.991624346680844
-19.971708103214034
-19.981991022181894
-19.982171111960074
-19.992349400840475
-19.992425906832068
-19.982501647763748
-19.95267663128611
-19.93314986497325
-19.943818366323516
-19.94438018266028
-19.934936380833676
-19.935587017025338
-19.936231146855082
-19.926868835386532
-19.91760014703267
-19.91842414556234
-19.92923990410672
-19.929947505065652
-19.910648030014993
-19.911541549714844
-19.8824261342177
-19.873601872875522
-19.864865854146768
-19.8562171956053
-19.807655023649247
-19.789578473412753
-19.781682688678625
-19.79386586179184
-19.805927203173923
-19.807867931142184
-19.80978925183076
-19.801691359312453
-19.803674445719327
-19.805637701262132
-19.79758132424951
-19.789605511007014
-19.781709455896944
-19.743892361337974
-19.726453437724594
-19.739188903347348
-19.711797014313877
-19.72467904417074
-19.717432253729033
-19.700257931191743
-19.703255351879825
-19.706222798361026
-19.699160570377416
-19.71216896467364
-19.705047275026907
-19.687996802276636
-19.67111683425387
-19.67440566591133
-19.677661609252215
-19.660884993159694
-19.644276143228097
-19.63783338179582
-19.62145504797786
-19.62524049749808
-19.628988092523098
-19.612698211597866
-19.59657122948189
-19.58060551718707
-19.5747994620152
-19.54905146739505
-19.5635609527211
-19.57792534319389
-19.58214608976195
-19.57632462886433
-19.56056138257569
-19.56495576874993
-19.54930621106243
-19.543813148951806
-19.51837501746229
-19.523191267287665
-19.51795935461479
-19.52277976106864
-19.517551963457954
-19.522376443823372
-19.51715267938514
-19.51198115259129
-19.526861341065377
-19.531592727654722
-19.526276800378177
-19.511014032374394
-19.51590389205065
-19.50074485313014
-19.515737404598838
-19.53058003055285
-19.525274230247323
-19.53002148794485
-19.5147212730654
-19.519574060334747
-19.504378319731398
-19.489334536534084
-19.474441191168744
-19.469696779257056
-19.484999811464487
-19.49014981334984
-19.475248315216344
-19.46049583206418
-19.455890873743538
-19.471331965006105
-19.456618645356045
-19.472052458902485
-19.48733193431346
-19.482458614970326
-19.497634028820624
-19.512657688532418
-19.507531111647094
-19.502455800530623
-19.507431242525314
-19.522356930100063
-19.527133360799063
-19.51186202719107
-19.496743406919162
-19.471775972849972
-19.467058213121472
-19.472387630990255
-19.447663754680352
-19.44318711713355
-19.408755245962215
-19.394667693502594
-19.390721016567568
-19.39681380640189
-19.412845668337873
-19.408717211654494
-19.40463003953795
-19.42058373914257
-19.406377901751146
-19.402314122733635
-19.408290981506298
-19.404208071691237
-19.390165990974324
-19.39626433106458
-19.392301687753935
-19.388378670876396
-19.384494884167633
-19.38064993532596
-19.366843435972697
-19.383175001612972
-19.369343251596842
-19.345649819080876
-19.362193320890068
-19.328571387681166
-19.335285673804353
-19.33193281706631
-19.348613488895648
-19.33512735400669
-19.351776080466625
-19.32825831966196
-19.31497573646534
-19.321825979100684
-19.328607719309677
-19.32532164211658
-19.292068425695415
-19.309147741438462
-19.316056264024077
-19.292895701383838
-19.289966744370002
-19.267067076926303
-19.274396406157038
-19.261652442095468
-19.24903591767451
-19.236545558497767
-19.23418010291279
-19.221838301883665
-19.189619918864828
-19.187723719676182
-19.11584648247942
-19.114688017654625
-19.09354113747808
-19.0926057261033
-19.07167966884227
-19.040962872153845
-19.050553243432304
-19.050047710997983
-19.029547233888007
-19.039251761549124
-19.02885924393363
-19.038570651494293
-19.04818494497935
-19.02770309552956
-19.017426064574263
-19.00725180392852
-18.99717928588923
-19.00720749303034
-19.007135418100038
-18.997064063919037
-18.997093423279846
-19.017122489047047
-19.026951264156576
-18.99668175151501
-18.98671493399986
-18.98684778465986
-19.006979306813264
-19.01690951374513
-19.01674041860768
-19.0265730144216
-19.036307284277385
-19.02594421143461
-19.025684769320264
-19.045427921627063
-19.06497364241079
-19.05432390598668
-19.073780666926815
-19.083042860257546
-19.082212431654973
-19.061390307338424
-19.03077640426504
-19.03046864022239
-19.040163953820166
-19.049762314281963
-19.049264691139143
-19.048772044227753
-19.048284323785477
-19.03780148054762
-19.037423465742147
-19.047049231084724
-19.046578738773878
-19.02611295138614
-18.985851821872277
-18.995993303653552
-19.006033370617015
-18.995973036910843
-19.016013306541737
-19.025853173476317
-19.025594641741556
-19.03533869532414
-19.0149853083709
-19.02483545528719
-19.034587100734317
-19.024241229726975
-19.023998817429707
-19.01375882925541
-18.983621240962854
-18.993785028553226
-19.013847178267696
-19.023708706485017
-19.003471619420168
-18.983436903225968
-18.95360253419371
-18.974066508851774
-18.964325843763255
-18.97468258532562
-18.984935759472364
-18.98508640187764
-18.965235537858867
-18.97558318248028
-18.975827350655475
-18.94606907714892
-18.94660838637743
-18.967142302513658
-18.957470879488522
-18.947896170693635
-18.9484172089867
-18.968933036896836
-18.959243706527868
-18.94965126946259
-18.960154756767963
-18.970553209200283
-18.98084767710828
-18.981039200337197
-18.981228808333825
-18.961416520250488
-18.93180235504798
-18.9524843314975
-18.95295948818253
-18.943429893300703
-18.933995594367694
-18.91465563842402
-18.925509082039778
-18.916253991219378
-18.917091451307186
-18.907920536794116
-18.918841331426172
-18.89965291811191
-18.910656388930793
-18.911549825041487
-18.92243432679107
-18.91320998352316
-18.89407788368793
-18.90513710485105
-18.886085733802542
-18.897224876464517
-18.878252627699872
-18.869470101422873
-18.870775400408647
-18.892067646404563
-18.883146969940515
-18.89431550024111
-18.905372345238696
-18.906318621786312
-18.90725543556845
-18.858182881212766
-18.879601052400638
-18.89080504187663
-18.88189699145786
-18.893078021543282
-18.87414724132785
-18.86540576891457
-18.876751711225424
-18.88798419411317
-18.87910435217204
-18.870313308650317
-18.861610175563815
-18.862994073808178
-18.854364133070096
-18.855820491739397
-18.867262286822
-18.86858966395378
-18.859903767314243
-18.8713047296411
-18.86259168234469
-18.843965765521244
-18.845526107866032
-18.82707084678737
-18.818800138319496
-18.8106121369363
-18.83250601556694
-18.85418095541127
-18.845639145857156
-18.847182754398585
-18.808710926854598
-18.810623817586052
-18.812517579410194
-18.80439240361609
-18.82634847957993
-18.83808499478413
-18.82970414483629
-18.831407103387928
-18.82309303235405
-18.824862102030508
-18.846613481010202
-18.8581473462001
-18.879565872738098
-18.870770214010715
-18.882062511870608
-18.893241886751902
-18.894309467884383
-18.835366373205538
-18.847012709473482
-18.838542582378746
-18.82015715655496
-18.79195558498941
-18.804036029139514
-18.795995668848118
-18.77803571215964
-18.780255355038044
-18.772452801487663
-18.784728273472787
-18.756880990738058
-18.749312180830678
-18.721819059022373
-18.68460086843215
-18.69775485974783
-18.70077731115035
-18.693769538038847
-18.67683184265846
-18.670063524231875
-18.663362888989557
-18.65672926009966
-18.67016196749866
-18.673460347823674
-18.67672574434544
-18.679958486901988
-18.683158902032968
-18.696327313012638
-18.709364039882512
-18.682270399483688
-18.66544769548885
-18.648793218533964
-18.612305286348622
-18.596182233485138
-18.58022041115029
-18.574418207038786
-18.5686740249684
-18.542987284718716
-18.557557411871528
-18.571981837752812
-18.576262019375285
-18.580499399181534
-18.58469440518972
-18.598847461137822
-18.582858986526446
-18.597030396661182
-18.61106009269457
-18.624949491767623
-18.60869999684995
-18.57261299688145
-18.586886866912636
-18.59101799824351
-18.605107818261075
-18.599056740078463
-18.58306617267768
-18.597235510950902
-18.581263155841395
-18.565450524282983
-18.529796019040152
-18.534498058849753
-18.529153078261256
-18.513861547478644
-18.538722932003857
-18.56333570268382
-18.57770234565698
-18.59192532220041
-18.57600606897841
-18.600246008288625
-18.60424354820574
-18.578201112723683
-18.562419101596447
-18.566794910580484
-18.581126961474677
-18.585315691859932
-18.569462534941334
-18.573767909591922
-18.568030230496003
-18.552349928191045
-18.566826428909135
-18.571158164620044
-18.545446582973845
-18.529992117144108
-18.544692195972665
-18.559245274012937
-18.57365282127281
-18.57791629306008
-18.57213713012948
-18.596415758828186
-18.620451601239907
-18.60424708522751
-18.598204614375234
-18.59222256823148
-18.606300342549165
-18.600237339123673
-18.604234965732438
-18.608192616075115
-18.632110689914366
-18.635789583015224
-18.569431687185073
-18.573737370313225
-18.577999996610092
-18.55221999664399
-18.51669779667755
-18.531530818710774
-18.556215510523668
-18.54065335541843
-18.545246821864247
-18.529794353645606
-18.534496410109153
-18.54915144600806
-18.543659931547978
-18.5182233322325
-18.523041098910173
-18.48781068792107
-18.482932581041858
-18.48810325523144
-18.463222222679125
-18.468590000452334
-18.44390410044781
-18.449465059443334
-18.4549704088489
-18.43042070476041
-18.446116497712808
-18.461655332735678
-18.487038779408323
-18.482168391614238
-18.457346707698097
-18.472773240621116
-18.458045508214905
-18.483465053132758
-18.48863040260143
-18.483744098575414
-18.47890665758966
-18.504117591013767
-18.489076415103632
-18.4941856509526
-18.509243794443073
-18.504151356498642
-18.489109842933658
-18.494218744504323
-18.48927655705928
-18.48438379148869
-18.489539953573804
-18.484644554038066
-18.469798108497688
-18.44510012741271
-18.410649126138583
-18.406542634877198
-18.402477208528424
-18.388452436443142
-18.38456791207871
-18.400722232957925
-18.396715010628345
-18.37274786052206
-18.36902038191684
-18.375330178097673
-18.391576876316694
-18.387661107553527
-18.37378449647799
-18.37004665151321
-18.37634618499808
-18.3825827231481
-18.34875689591662
-18.345269326957453
-18.311816633687876
-18.308698467350997
-18.33561148267749
-18.332255367850713
-18.318932814172207
-18.305743486030487
-18.312686051170182
-18.30955919065848
-18.296463598751895
-18.283498962764376
-18.290663973136734
-18.247757333405367
-18.225279760071313
-18.2230269624706
-18.210796692845893
-18.208688725917433
-18.16660183865826
-18.144935820271677
-18.16348646206896
-18.12185159744827
-18.11063308147379
-18.05952675065905
-18.06893148315246
-18.068242168320936
-18.05755974663773
-18.046984149171355
-18.05651430767964
-18.075949164602843
-18.085189672956815
-18.104337776227247
-18.093294398464977
-18.102361454480327
-18.091337839935527
-18.09042446153617
-18.069520216920807
-18.0288250147516
-18.038536764604086
-17.998151396958043
-18.018169882988463
-18.00798818415858
-18.037908302316996
-18.04752921929383
-17.99705392710089
-17.96708338782988
-17.977412553951584
-17.96763842841207
-17.937962044127946
-17.92858242368667
-17.939296599449804
-17.899903633455306
-17.910904597120755
-17.891795551149546
-17.86287759563805
-17.89424881968167
-17.925306331484855
-17.956053268170006
-17.976492735488304
-17.97672780813342
-17.966960530052084
-17.977290924751564
-17.96751801550405
-17.977842835349012
-17.968064406995524
-17.98838376292557
-17.968499925296314
-17.978814926043352
-17.96902677678292
-17.96933650901509
-17.939643143924936
-17.970246712485686
-17.98054424536083
-18.01073880290722
-18.010631414878148
-18.02052510072937
-18.030319849722076
-18.010016651224856
-18.029916484712608
-18.03961731986548
-18.069221146666827
-18.04852893520016
-18.048043645848157
-18.037563209389678
-18.027187577295784
-18.016915701522827
-18.0267465445076
-18.026479079062522
-18.016214288271897
-18.016052145389178
-18.015891623935286
-17.995732707695932
-17.96577538061897
-17.966117626812782
-17.936456450544654
-17.887091886039205
-17.898220967178812
-17.909238757507026
-17.890146369931955
-17.851244906232637
-17.84273245717031
-17.854305132598608
-17.855762081272623
-17.837204460459898
-17.818832415855297
-17.840644091696742
-17.852237650779777
-17.843715274271982
-17.84527812152926
-17.84682534031397
-17.82835708691083
-17.840073516041723
-17.83167278088131
-17.833356053072496
-17.81502249254177
-17.836872267616354
-17.81850354494019
-17.790318509490785
-17.752415324395876
-17.73489117115192
-17.7575422594404
-17.779966836845993
-17.792167168477533
-17.78424549679276
-17.776403041824835
-17.758639011406586
-17.74105262129252
-17.713642095079596
-17.7165056741288
-17.699340617387513
-17.69234721121364
-17.705423739101505
-17.65836950171049
-17.641785806693385
-17.62536794862645
-17.629114269140185
-17.602823126448783
-17.606794895184294
-17.620726946232452
-17.604519676770128
-17.588474480002425
-17.5825897352024
-17.57676383785038
-17.570996199471878
-17.58528623747716
-17.56943337510239
-17.573739041351363
-17.568001650937852
-17.592321634428473
-17.566398418084187
-17.560734433903345
-17.56512708956431
-17.539475818668667
-17.55408106048198
-17.55854024987716
-17.54295484737839
-17.527525298904607
-17.51225004591556
-17.477127545456405
-17.46235627000184
-17.44773270730182
-17.453255380228804
-17.468722826426518
-17.454035598162253
-17.40949524218063
-17.43540028975882
-17.451046286861235
-17.40653582399262
-17.372470465752695
-17.36874576109517
-17.385058303484218
-17.38120772044938
-17.377395643244885
-17.373621686812438
-17.369885469944315
-17.356186615244873
-17.362624749092422
-17.358998501601498
-17.355408516585484
-17.34185443141963
-17.358435887105436
-17.364851528234382
-17.36120301295204
-17.347590982822517
-17.33411507299429
-17.290773922264346
-17.3178661830417
-17.304687521211285
-17.261640645999172
-17.26902423953918
-17.25633399714379
-17.223770657172352
-17.181532950600626
-17.159717621094618
-17.178120444883675
-17.186339240434837
-17.14447584803049
-17.103031089550182
-17.10200077865468
-17.090980770868132
-17.07007096315945
-17.089370253527854
-17.078476550992576
-17.077691785482653
-17.056914867627825
-17.066345718951546
-17.04568226176203
-17.03522543914441
-17.034873184752964
-17.024524452905435
-17.01427920837638
-17.004136416292617
-16.94409505212969
-16.944654101608393
-16.96520756059231
-16.96555548498639
-16.965899930136526
-16.92624093083516
-16.94697852152681
-16.95750873631154
-16.957933648948426
-16.968354312458942
-16.948670769334353
-16.959184061641007
-16.9595922210246
-16.949996298814355
-16.92049633582621
-16.93129137246795
-16.941978458743268
-16.912558674155836
-16.893433087414277
-16.844498756540133
-16.836053768974732
-16.837693231284987
-16.83931629897214
-16.830923135982417
-16.832613904622594
-16.82428776557637
-16.836044887920604
-16.8276844390414
-16.80940759465098
-16.79131351870447
-16.833400383517425
-16.835066379682253
-16.79671571588543
-16.748748558726575
-16.70126107313931
-16.684248462407915
-16.717405977783834
-16.670231918005996
-16.673529598825937
-16.676794302837678
-16.670026359809302
-16.66332609621121
-16.6666928352491
-16.68002590689661
-16.693225647827642
-16.666293391349367
-16.639630457435874
-16.633234152861515
-16.616901811332898
-16.600732793219567
-16.61472546528737
-16.608578210634498
-16.62249242852815
-16.60626750424287
-16.61020482920044
-16.574102780908436
-16.548361753099353
-16.512878135568357
-16.527749354212673
-16.522471860670546
-16.53724714206384
-16.5018746706432
-16.50685592393677
-16.5117873646974
-16.496669491050426
-16.471702796139922
-16.466985768178525
-16.47231591049674
-16.487592751391773
-16.482716823877855
-16.477889655639075
-16.493110759082683
-16.498179651491856
-16.513197854976937
-16.51806587642717
-16.502885217662897
-16.487856365486266
-16.4729778018314
-16.468248023813086
-16.483565543574954
-16.448729888139205
-16.424242589257812
-16.430000163365236
-16.445700161731583
-16.45124316011427
-16.446730728513128
-16.462263421227995
-16.457640787015716
-16.46306437914556
-16.438433735354106
-16.424049398000562
-16.449808904020557
-16.425310814980353
-16.411057706830547
-16.346947129762242
-16.343477658464618
-16.33004288187997
-16.30674245306117
-16.303675028530556
-16.32063827824525
-16.3274318954628
-16.344157576508174
-16.320716000743094
-16.30750884073566
-16.294433752328302
-16.28148941480502
-16.29867452065697
-16.3056877754504
-16.3026308976959
-16.269604588718938
-16.26690854283175
-16.264239457403434
-16.2615970628294
-16.238981092201104
-16.22659128127909
-16.2343253684663
-16.221982114781635
-16.229762293633822
-16.237464670697484
-16.24509002399051
-16.232639123750605
-16.2303127325131
-16.23800960518797
-16.24562950913609
-16.24317321404473
-16.230741481904282
-16.23843406708524
-16.20604972641439
-16.233989229150247
-16.231649336858744
-16.249332843490155
-16.246839515055253
-16.204371119904703
-16.222327408705656
-16.240104134618598
-16.247703093272413
-16.24522606233969
-16.262773801716293
-16.230146063699127
-16.217844603062133
-16.22566615703151
-16.213409495461196
-16.191275400506584
-16.159362646501517
-16.087769020036504
-16.08689132983614
-16.046022416537777
-16.0355621923724
-16.055206570448675
-16.06465450474419
-16.04400795969675
-16.00356788009978
-15.973532201298783
-15.953796879285795
-15.954258910492937
-15.994716321388006
-16.014769158174126
-16.014621466592384
-16.034475251926462
-15.994130499407197
-15.954189194413123
-15.954647302468992
-15.9851008294443
-15.995249821149857
-15.985297322938358
-15.995444349708974
-16.015489906211883
-15.975335007149763
-15.995581657078265
-15.985625840507483
-15.985769582102408
-15.975911886281384
-15.99615276741857
-15.986191239744384
-15.98632932734694
-15.956466034073472
-15.956901373732737
-15.96733235999541
-15.947659036395457
-15.938182446031503
-15.888800621571187
-15.879912615355476
-15.90111348920192
-15.882102354309902
-15.893281330766802
-15.904348517459134
-15.885305032284544
-15.876451981961699
-15.867687462142083
-15.869010587520663
-15.870320481645456
-15.871617276829001
-15.862901104060711
-15.864272093020103
-15.835629372089903
-15.817273078369004
-15.829100347585314
-15.830809344109461
-15.822501250668367
-15.814276238161684
-15.826133475780066
-15.847872141022265
-15.859393419612042
-15.90079948541592
-15.891791490561761
-15.912873575656143
-15.92374483989958
-15.914507391500585
-15.90536231758558
-15.896308694409724
-15.917345607465625
-15.91817215139097
-15.948990429877059
-15.93950052557829
-15.960105520322506
-15.96050446511928
-15.940899420468089
-15.951490426263408
-15.921975522000775
-15.932755766780767
-15.90342820911296
-15.89439392702183
-15.885449987751613
-15.896595487874096
-15.887629532995355
-15.8387532376654
-15.840365705288747
-15.821962048235859
-15.843742427753499
-15.845305003475964
-15.826851953441205
-15.838583433906793
-15.850197599567725
-15.841695623572049
-15.833278667336328
-15.844945880662966
-15.816496421856337
-15.778331457637773
-15.760548143061396
-15.78294266163078
-15.765113235014473
-15.707462102664328
-15.710387481637685
-15.693283606821309
-15.696350770753096
-15.679387263045566
-15.662593390415111
-15.59596745651096
-15.60000778194585
-15.604007704126392
-15.617967627085127
-15.611787950814277
-15.605670071306134
-15.569613370593071
-15.553917236887141
-15.55837806451827
-15.552794283873087
-15.537266341034357
-15.511893677624014
-15.476774740847773
-15.492006993439295
-15.507086923504902
-15.502016054269854
-15.486995893727155
-15.492125934789883
-15.507204675441983
-15.482132628687564
-15.507311302400689
-15.512238189376681
-15.507115807482915
-15.512044649408086
-15.476924202914004
-15.492154960884864
-15.487233411276016
-15.452361077163255
-15.447837466391622
-15.453359091727705
-15.408825500810428
-15.344737245802323
-15.3312898733443
-15.327976974610857
-15.33469720486475
-15.341350232816103
-15.337936730487941
-15.304557363183061
-15.281511789551232
-15.28869667165572
-15.305809704939161
-15.31275160788977
-15.26962409181087
-15.286927850892761
-15.304058572383834
-15.231017986659996
-15.238707806793396
-15.216320728725464
-15.224157521438208
-15.221915946223826
-15.209696786761588
-15.187599818893974
-15.145723820705033
-15.094266582497982
-15.083323916673002
-15.112490677506273
-15.11136577073121
-15.080252113023896
-15.049449591893655
-15.068955095974719
-15.078265545014972
-15.067482889564822
-15.046808060669175
-15.056339980062484
-15.06577658026186
-15.065118814459241
-15.064467626314649
-15.053822950051503
-15.023284720550986
-14.993051873345475
-15.00312135461202
-15.0130901410659
-15.012959239655242
-14.99282964725869
-15.002901350786102
-14.982872337278241
-14.983043613905458
-14.943213177766403
-14.87378104598874
-14.885043235528851
-14.856192803173562
-14.837630875141826
-14.829254566390409
-14.820962020726505
-14.80275240051924
-14.80472487651405
-14.78667762774891
-14.788810851471421
-14.810922742956707
-14.77281351552714
-14.78508538037187
-14.78723452656815
-14.799362181302468
-14.801368559489443
-14.783354873894549
-14.825521325155602
-14.827266111904047
-14.858993450785006
-14.860403516277156
-14.871799481114385
-14.873081486303242
-14.88435067144021
-14.895507164725808
-14.886552093078551
-14.897686572147766
-14.938709706426287
-14.949322609362024
-14.959829383268405
-14.950231089435722
-14.930728778541365
-14.921421490755952
-14.902207275848394
-14.92318520308991
-14.95395335105901
-14.95441381754842
-14.954869679372937
-14.875320982579208
-14.836567772753416
-14.838202095025881
-14.849820074075623
-14.831321873334868
-14.843008654601519
-14.844578568055503
-14.816132782374947
-14.797971454551197
-14.789991740005686
-14.77209182260563
-14.754370904379574
-14.716827195335778
-14.74965892338242
-14.742162334148595
-14.74474071080711
-14.727293303699039
-14.690020370662047
-14.673120166955428
-14.716388965285873
-14.719225075633014
-14.682032824876684
-14.665212496627918
-14.64856037166164
-14.632074767945024
-14.575754020265574
-14.579996480062919
-14.60419651526229
-14.598154550109667
-14.61217300460857
-14.626051274562483
-14.619790761816859
-14.613592854198691
-14.607456925656704
-14.561382356400136
-14.525768532836134
-14.520510847507772
-14.555305739032693
-14.569752681642367
-14.554055154825944
-14.578514603277684
-14.592729457244907
-14.586802162672459
-14.610934141045734
-14.594824799635276
-14.598876551638924
-14.582887786122535
-14.57705890826131
-14.571288319178699
-14.53557543598691
-14.540219681627041
-14.50481748481077
-14.509769309962662
-14.484671616863034
-14.469824900694404
-14.485126651687459
-14.450275385170583
-14.455772631318878
-14.431214905005689
-14.416902755955633
-14.432733728396077
-14.418406391112116
-14.384222327200995
-14.420380103928984
-14.426176302889695
-14.411914539860799
-14.397795394462191
-14.38381744051757
-14.399979266112394
-14.415979473451271
-14.411819678716759
-14.38770148192959
-14.353824467110293
-14.340286222439191
-14.3268833602148
-14.343614526612653
-14.340178381346526
-14.366776597533061
-14.393108831557731
-14.379177743242154
-14.425385965809733
-14.431132106151637
-14.41682078509012
-14.42265257723922
-14.408426051466828
-14.39434179095216
-14.370398373042637
-14.35669438931221
-14.353127445419089
-14.359596170964899
-14.33600020925525
-14.312640207162696
-14.29951380509107
-14.286518667040161
-14.28365348036976
-14.250816945566061
-14.2183087761104
-14.196125688349294
-14.234164431465802
-14.281822787151143
-14.28900455927963
-14.296114513686835
-14.303153368549966
-14.320121834864466
-14.34692061651582
-14.333451410350664
-14.310116896247155
-14.297015727284684
-14.314045570011837
-14.31090511431172
-14.317796063168602
-14.294618102536916
-14.251671921511546
-14.23915520229643
-14.246763650273467
-14.254296013770732
-14.231753053633025
-14.259435523096695
-14.286841167865727
-14.28397275618707
-14.2611330286252
-14.258521698338948
-14.235936481355557
-14.223577116542002
-14.211341345376582
-14.179227931922815
-14.187435652603588
-14.185561296077552
-14.163705683116776
-14.112068626285607
-14.090947940022751
-14.080038460622525
-14.079238076016301
-14.058445695256138
-14.027861238303576
-14.00758262592054
-14.017506799661334
-14.00733173166472
-13.947258414348074
-13.937785830204593
-13.928407971902548
-13.929123892183522
-13.929832653261688
-13.960534326729071
-13.95092898346178
-13.961419693627164
-14.011805496690892
-14.001687441723984
-14.021670567306744
-14.041453861633677
-14.02103932301734
-14.010828929787166
-14.020720640489294
-14.010513434084402
-13.990408299743557
-13.94050421674612
-13.921099174578659
-13.911888182832874
-13.882769301004544
-13.8739416079945
-13.845202191914554
-13.836750169995408
-13.798382668295453
-13.820398841612498
-13.852194853196373
-13.87367290466441
-13.884936175617765
-13.876086813861589
-13.867325945722973
-13.848652686265742
-13.850166159403086
-13.821664497809055
-13.813447852830965
-13.815313374302656
-13.80716024055963
-13.819088638154035
-13.840897751772495
-13.84248877425477
-13.814063886512221
-13.795923247647098
-13.827964015170627
-13.84968437501892
-13.851187531268732
-13.812675655956044
-13.774548899396482
-13.796803410402518
-13.778835376298492
-13.731047022535506
-13.673736552310151
-13.71699918678705
-13.689829194919177
-13.702930902969985
-13.695901593940286
-13.658942578000882
-13.692353152220873
-13.655429620698664
-13.668875324491678
-13.672186571246762
-13.645464705534293
-13.59901005847895
-13.61301995789416
-13.616889758315219
-13.600720860732066
-13.534713652124745
-13.519366515603497
-13.464172850447463
-13.489531121942989
-13.504635810723558
-13.509589452616323
-13.51449355809016
-13.51934862250926
-13.514155136284167
-13.539013584921324
-13.543623449072111
-13.52818721458139
-13.522905342435577
-13.517676289011222
-13.50249952612111
-13.487474530859897
-13.492599785551299
-13.477673787695785
-13.442897049818827
-13.428468079320638
-13.444183398527432
-13.449741564542158
-13.435244148896736
-13.420891707407767
-13.376682790333689
-13.392915962430353
-13.41898680280605
-13.41479693477799
-13.400648965430209
-13.406642475775907
-13.352576051018149
-13.329050290507967
-13.265759787602887
-13.243102189726857
-13.260671167829589
-13.248064456151292
-13.215583811589779
-13.19342797347388
-13.18149369373914
-13.169678756801748
-13.11798196923373
-13.106802149541393
-13.115734128045979
-13.11457678676552
-13.123431018897865
-13.132196708708886
-13.080874741621797
-13.070065994205578
-13.099365334263522
-13.108371680920888
-13.137287964111678
-13.125915084470561
-13.134655933625856
-13.153309374289599
-13.121776280546703
-13.140558517741237
-13.139152932563825
-13.147761403238187
-13.126283789205804
-13.125020951313747
-13.113770741800609
-13.102633034382603
-13.131606704038777
-13.120290636998389
-13.139087730628406
-13.137696853322122
-13.136319884788902
-13.154956685941013
-13.153407119081603
-13.131873047890787
-13.100554317411879
-13.089548774237759
-13.078653286495381
-13.097866753630427
-13.056888086094123
-13.04631920523318
-13.035856013180847
-13.015497453049038
-12.985342478518547
-12.995489053733362
-12.975534163196027
-12.995778821564066
-13.005821033348425
-12.975762823014941
-12.95600519478479
-12.966445142836942
-12.926780691408572
-12.957512884494486
-12.967937755649542
-12.918258378093046
-12.929075794312116
-12.909785036368994
-12.880687186005304
-12.87188031414525
-12.883161511003797
-12.864329895893759
-12.83568659693482
-12.827329730965472
-12.829056433655818
-12.840765869319261
-12.832358210626067
-12.854034628519807
-12.875494282234609
-12.896739339412264
-12.917771946018142
-12.908594226557959
-12.899508284292379
-12.900513201449456
-12.931508069434962
-12.962192988740613
-12.962571058853207
-12.982945348264675
-12.973115894782028
-12.933384735834208
-12.954050888475866
-12.964510379591108
-12.964865275795198
-12.975216623037246
-12.925464456806873
-12.946209812238804
-12.956747714116416
-12.977180236975252
-12.9774084346055
-12.907634350259446
-12.88855800675685
-12.839672426689281
-12.811275702422389
-12.813162945398165
-12.825031315944184
-12.826781002784742
-12.868513192756895
-12.919828060829326
-12.980629780221033
-12.960823482418823
-12.951215247594634
-12.901703095118688
-12.8926860641675
-12.903759203525825
-12.914721611490567
-12.925574395375662
-12.946318651421906
-12.946855464907689
-12.957386910258613
-12.927813041156027
-12.928534910744467
-12.949249561637023
-12.979757066020653
-12.959959495360446
-12.99035990040684
-12.960456301402772
-12.980851738388745
-13.001043221004858
-13.021032788794809
-13.030822460906862
-13.020514236297792
-13.020309093934815
-13.050106002995467
-13.059604942965512
-13.069008893535857
-13.0783188046005
-13.087535616554495
-13.07666026038895
-13.05589365778506
-13.06533472120721
-13.074681373995137
-13.083934560255186
-13.113095214652633
-13.131964262506107
-13.140644619881046
-13.119238173682234
-13.088045791945412
-13.087165334025958
-13.056293680685698
-13.055730743878842
-13.055173436440054
-13.084621702075653
-13.083775485054897
-13.092937730204348
-13.122008352902304
-13.120788269373282
-13.12958038667955
-13.108284582812754
-13.117201736984628
-13.116029719614781
-13.124869422418634
-13.053620728194447
-13.033084520912503
-13.052753675703379
-13.082226138946345
-13.07140387755688
-13.040689838781311
-13.0402829403935
-12.989880110989564
-13.019981309879668
-13.029781496780872
-13.019483681813062
-13.039288844994932
-13.048895956544984
-13.038406996979532
-13.078022927009737
-13.09724269773964
-13.086270270762242
-13.12540756805462
-13.074153492374073
-13.123411957450331
-13.142177837875828
-13.10075605949707
-13.109748498902098
-13.138651013913076
-13.137264503773947
-13.155891858736208
-13.144332940148844
-13.092889610747356
-13.071960714639882
-13.071241107493485
-13.11052869641855
-13.049423409454365
-13.048929175359822
-13.028439883606223
-13.048155484770161
-13.05767392992246
-13.047097190623235
-13.026626218717002
-12.996359956529831
-13.006396356964533
-12.956332393394888
-12.96676906946094
-12.957101378766328
-12.957530364978666
-12.95795506132888
-12.958375510715591
-12.918791755608435
-12.90960383805235
-12.920507799671826
-12.931302721675108
-12.951989694458357
-12.962469797513773
-12.932845099538635
-12.93351664854325
-12.914181482057817
-12.91503966723724
-12.895889270564867
-12.896930377859219
-12.897961074080627
-12.91898146333982
-12.939791648706422
-12.940393732219357
-12.930989794897163
-12.961679896948192
-12.972063097978712
-12.972342466998926
-12.972619042328937
-12.962892851905647
-12.94326392338659
-12.933831284152724
-12.924492971311196
-12.895248041598084
-12.876295561182102
-12.86753260557028
-12.878857279514579
-12.850068706719432
-12.841568019652236
-12.823152339455714
-12.854920816061156
-12.826371607900544
-12.818107891821537
-12.769926812903321
-12.732227544774288
-12.754905269326546
-12.757356216633282
-12.75978265446695
-12.772184827922281
-12.79446297964306
-12.796518349846629
-12.808553166348164
-12.740467634684682
-12.723062958337835
-12.675832328754456
-12.699074005466912
-12.662083265412242
-12.67546243275812
-12.668707808430538
-12.712020730346232
-12.73490052304277
-12.72755151781234
-12.710276002634217
-12.683173242607873
-12.656341510181795
-12.619778095079976
-12.623580314129176
-12.667344510987885
-12.680671065878007
-12.683864355219228
-12.677025711667035
-12.680255454550366
-12.683452900004863
-12.656618371004814
-12.640052187294765
-12.663651665421819
-12.677015148767602
-12.630244997279926
-12.653942547307127
-12.717403121834055
-12.710229090615714
-12.743126799709557
-12.73569553171246
-12.748338576395337
-12.740855190631382
-12.74344663872507
-12.736012172337817
-12.76865205061444
-12.790965530108297
-12.803055874807214
-12.765025316059141
-12.71737506289855
-12.650201312269564
-12.633699299146867
-12.627362306155398
-12.541088683093843
-12.565677796262905
-12.560021018300276
-12.564420808117275
-12.538776600036101
-12.523388834035739
-12.508154945695381
-12.503073396238426
-12.49804266227604
-12.51306223565328
-12.507931613296746
-12.562852297163777
-12.537223774192139
-12.511851536450218
-12.496733021085715
-12.511765690874858
-12.53664803396611
-12.551281553626449
-12.565768738090185
-12.550111050709281
-12.584609940202188
-12.618763840800167
-12.612576202392164
-12.576450440368243
-12.530685935964561
-12.505379076604916
-12.510325285838867
-12.515222032980478
-12.520069812650675
-12.514869114524167
-12.479720423378925
-12.424923219145136
-12.410673986953684
-12.386567247084146
-12.392701574613305
-12.408774558867172
-12.3246868132785
-12.351439945145716
-12.307925545694259
-12.314846290237316
-12.301697827334943
-12.308680849061593
-12.305594040570977
-12.302538100165266
-12.269512719163613
-12.206817591971976
-12.194749416052256
-12.172801921891732
-12.191073902672816
-12.129163163646089
-12.117871532009627
-12.116692816689529
-12.125525888522635
-12.14427062963741
-12.112827923341035
-12.111699644107624
-12.100582647666547
-12.099576821189881
-12.078581052977983
-12.077795242448202
-12.04701729002372
-12.016547117123482
-12.016381645952245
-11.966217829492724
-11.956555651197796
-11.976990094685819
-11.997220193738961
-12.017247991801572
-11.957075511883556
-11.937504756764719
-11.908129709197071
-11.919048412105102
-11.909857927984051
-11.91075934870421
-11.911651755217166
-11.922535237664995
-11.953309885288345
-11.963776786435462
-11.954139018571107
-11.944597628385395
-11.93515165210154
-11.925800135580523
-11.896542134224719
-11.927576712882471
-11.928300945753646
-11.91901793629611
-11.919827756933147
-11.920629479363814
-11.871423184570176
-11.872708952724473
-11.89398186319723
-11.925042044565258
-11.865791624119606
-11.83713370787841
-11.808762370799625
-11.780674747091629
-11.782867999620711
-11.765039319624503
-11.757388926428257
-11.749815037163975
-11.722316886792335
-11.695093717924411
-11.688142780745167
-11.711261352937717
-11.73414873940834
-11.706807252014256
-11.729739179494114
-11.722441787699172
-11.725217369822179
-11.717965196123956
-11.690785544162717
-11.683877688721088
-11.627038911833878
-11.66076852271554
-11.644160837488384
-11.637719229113499
-11.611342036822363
-11.635228616454139
-11.598876330289597
-11.552887566986701
-11.567358691316835
-11.581685104403668
-11.58586825335963
-11.580009570826032
-11.614209475117772
-11.598067380366594
-11.582086706562928
-11.566265839497298
-11.560603181102325
-11.544997149291301
-11.56954717779839
-11.553851706020405
-11.528313188960201
-11.5230300570706
-11.557799756499893
-11.572221758934894
-11.606499541345546
-11.610434545932089
-11.574330200472767
-11.60858689846804
-11.622501029483361
-11.606276019188527
-11.640213258996642
-11.643811126406675
-11.687373015142608
-11.720499284991183
-11.71329429214127
-11.756161349219857
-11.738599735727657
-11.71121373837038
-11.714101600986677
-11.73696058497681
-11.749590979127042
-11.722095069335772
-11.694874118642414
-11.677925377455988
-11.661146123681428
-11.624534662444614
-11.598289315820168
-11.592306422661965
-11.606383358435346
-11.620319524850993
-11.584116329602484
-11.578275166306458
-11.572492414643392
-11.546767490496958
-11.531299815591987
-11.515986817436067
-11.520826949261705
-11.495618679769088
-11.530662492971397
-11.565355868041683
-11.539702309361266
-11.544305286267653
-11.558862233404977
-11.523273611070927
-11.528040874960217
-11.492760466210616
-11.477832861548508
-11.463054532933024
-11.468423987603693
-11.443739747727655
-11.439302350250378
-11.454909326747874
-11.480360233480395
-11.48555663114559
-11.480701064834133
-11.435894054185791
-11.451535113643933
-11.457019762507493
-11.412449564882419
-11.428325069233596
-11.434041818541258
-11.409701400355846
-11.435604386352288
-11.451248342488766
-11.446735859063878
-11.452268500473238
-11.497745815468505
-11.47276835731382
-11.458040673740681
-11.493460267003275
-11.468525664333242
-11.46384040768991
-11.489202003613011
-11.504309983576881
-11.519266883741114
-11.484074214903703
-11.509233472754667
-11.52414113802712
-11.518899726646849
-11.533710729380381
-11.548373622086578
-11.53288988586571
-11.537560987007053
-11.552185377136983
-11.586663523365614
-11.570796888131957
-11.575088919250636
-11.579338030058128
-11.573544649757546
-11.56780920325997
-11.57213111122737
-11.556409800115095
-11.560845702113943
-11.545237245092803
-11.589784872641875
-11.613887023915456
-11.637748153676302
-11.66137067213954
-11.684756965418146
-11.697909395763965
-11.710930301806325
-11.663820998788262
-11.657182788800379
-11.630610960912374
-11.584304851303251
-11.56846180279022
-11.562777184762316
-11.557149412914692
-11.561577918785543
-11.585962139597688
-11.570102518201711
-11.604401493019694
-11.598357478089497
-11.522373903308601
-11.567150164275516
-11.57147866263276
-11.605763876006433
-11.599706237246368
-11.593709174873903
-11.617772083125164
-11.611594362293912
-11.605478418670973
-11.549423634484263
-11.54392939813942
-11.538490104158026
-11.533105203116445
-11.547774151085282
-11.532296409574428
-11.526973445478683
-11.571703711023897
-11.595986673913659
-11.630026807174522
-11.613726539102776
-11.627589273711749
-11.62131338097463
-11.575100247164885
-11.569349244693235
-11.553655752246302
-11.50811919472384
-11.4930380027766
-11.408107622748833
-11.434026546521345
-11.489686281056132
-11.48478941824557
-11.509941524063116
-11.504842108822483
-11.509793687734257
-11.534695750856915
-11.539348793348346
-11.563955305414863
-11.618315752360715
-11.582132594837107
-11.606311268888737
-11.590248156199848
-11.60434567463785
-11.59830221789147
-11.592319195712555
-11.60639600375543
-11.610332043717875
-11.594228723280697
-11.55828643604789
-11.572703571687413
-11.596976535970539
-11.611006770610834
-11.604896702904725
-11.628847735875677
-11.63255925851692
-11.61623366593175
-11.580071329272432
-11.594270615979708
-11.608327909819911
-11.602244630721712
-11.566222184414494
-11.610559962570349
-11.594454362944646
-11.588509819315199
-11.552624721122047
-11.517098473910826
-11.491927489171717
-11.52700821428
-11.5317381321372
-11.486420750815828
-11.51155654330767
-11.526440977874593
-11.551176568095848
-11.545664802414889
-11.53020815439074
-11.554906072846833
-11.559357012118364
-11.59376344199718
-11.577825807577208
-11.592047549501435
-11.59612707400642
-11.590165803266355
-11.564264145233691
-11.548621503781353
-11.533135288743539
-11.547803935856104
-11.582325896497544
-11.566502637532567
-11.580837611157243
-11.54502923504567
-11.539578942695211
-11.50418315326826
-11.509141321735576
-11.51404990851822
-11.498909409433038
-11.543920315338708
-11.59848111218532
-11.622496301063467
-11.606271338052832
-11.630208624672303
-11.61390653842558
-11.597767473041323
-11.601789798310909
-11.5657719003278
-11.600114181324521
-11.564113039511277
-11.578471909116164
-11.602687190025003
-11.546660318124754
-11.541193714943507
-11.555781777794072
-11.550223960016131
-11.52472172041597
-11.529474503211809
-11.52417975817969
-11.528937960597892
-11.563648580991913
-11.538012095181994
-11.522631974230174
-11.477405654487873
-11.482631597942992
-11.447805281963563
-11.403327229143928
-11.419293956852488
-11.405101017283963
-11.381050007111122
-11.327239507040012
-11.353967111969613
-11.330427440849917
-11.357123166441419
-11.373551934777005
-11.379816415429234
-11.36601825127494
-11.382358068762192
-11.40853448807457
-11.444449143193825
-11.450004651761887
-11.445504605244267
-11.451049559191823
-11.466539063599905
-11.391873672963905
-11.357954936234266
-11.304375386871925
-11.331331633003206
-11.358018316673174
-11.374438133506443
-11.360693752171377
-11.337086814649663
-11.353715946503167
-11.290178787038135
-11.257276999167754
-11.214704229176077
-11.222557186884314
-11.250331615015472
-11.297828298865317
-11.314850015876665
-11.291701515717898
-11.298784500560718
-11.30579665555511
-11.272738688999558
-11.290011302109564
-11.267111189088467
-11.244440077197583
-11.201995676425607
-11.199975719661351
-11.177975962464737
-11.176196202840089
-11.174434240811687
-11.162689898403569
-11.121062999419534
-11.089852369425339
-11.118953845731086
-11.097764307273776
-11.066786664201038
-11.066118797559026
-11.035457609583435
-11.055103033487601
-11.034552003152724
-11.044206483121195
-11.023764418289984
-11.023526774107083
-10.983291506366012
-10.963458591302352
-10.953824005389329
-10.934285765335435
-10.954942907682081
-10.95539347860526
-10.925839543819206
-10.866581148381014
-10.807915336897205
-10.839836183528233
-10.86143782169295
-10.852823443476021
-10.84429520904126
-10.825852256950848
-10.86759373438134
-10.908917797037526
-10.949828619067151
-10.97033033287648
-10.980627029547716
-10.980820759252238
-11.011012551659716
-11.000902426143119
-11.010893401881686
-11.01078446786287
-11.01067662318424
-11.000569856952398
-10.980564158382874
-11.000758516799046
-11.010750931631055
-10.990643422314744
-10.970736988091597
-10.98102961821068
-11.031219322028573
-11.010907128808286
-11.040798057520204
-11.010390076945002
-11.030286176175553
-11.049983314413797
-11.02948348126966
-10.989188646456963
-10.989296759992392
-11.029403792392468
-11.049109754468544
-11.048618656923859
-11.05813247035462
-11.027551145651074
-10.997275634194564
-11.057302877852617
-11.086729849074091
-11.105862550583351
-11.054803925077518
-11.034255885826743
-11.023913326968476
-11.03367419369879
-11.0333374517618
-11.003004077244183
-10.992974036471741
-11.013044296107024
-11.012913853145953
-10.982784714614494
-10.97295686746835
-10.953227298793665
-10.97369502580573
-10.953958075547673
-10.984418494792196
-10.984574309844273
-10.96472856674583
-10.915081281078372
-10.935930468267589
-10.916571163584912
-10.917405451949062
-10.90823139742957
-10.919149083455274
-10.969957592620721
-10.980258016694513
-11.030455436527568
-11.02015088216229
-11.019949373340667
-10.98974987960726
-10.979852380811186
-10.950053857003075
-10.920553318433045
-10.901347785248715
-10.902334307396227
-10.943310964322265
-10.963877854679042
-10.904239076132253
-10.90519668537093
-10.926144718517222
-10.926883271332049
-10.937614438618727
-10.92823829423254
-10.948955911290215
-10.989466352177313
-10.99957168865554
-10.969575971768984
-10.999880212051295
-10.999881409930781
-11.019882595831474
-11.03968376987316
-11.039286932174427
-11.038894062852682
-11.048505122224155
-11.048020071001913
-11.017539870291893
-11.027364471588973
-11.007090826873084
-10.977019918604352
-10.99724971941831
-11.027277222224127
-11.027004450001884
-11.036734405501864
-10.986367061446845
-10.956503390832378
-10.946938356924054
-10.887468973354814
-10.908594283621266
-10.909508340785052
-10.880413257377201
-10.84160912480343
-10.903193033555395
-10.854161103219841
-10.845619492187643
-10.867163297265767
-10.878491664293108
-10.889706747650177
-10.880809680173675
-10.842001583371939
-10.79358156753822
-10.735645751862839
-10.75828929434421
-10.770706401400767
-10.76299933738676
-10.735369344012891
-10.738015650572763
-10.730635494067034
-10.733329139126363
-10.7559958477351
-10.768435889257749
-10.800751530365172
-10.79274401506152
-10.834816574910906
-10.806468409161797
-10.798403725070179
-10.790419687819476
-10.78251549094128
-10.774690336031867
-10.796943432671549
-10.798973998344833
-10.800984258361384
-10.75297441577777
-10.75544467161999
-10.76789022490379
-10.740211322654751
-10.782809209428205
-10.764981117333923
-10.707331306160585
-10.700257993098978
-10.663255413167988
-10.636622859036308
-10.640256630445943
-10.653854064141482
-10.677315523500068
-10.680542368265067
-10.673736944582416
-10.676999575136591
-10.640229579385226
-10.673827283591374
-10.63708901075546
-10.660718120647907
-10.624110939441428
-10.617869830047013
-10.611691131746543
-10.605574220429077
-10.589518478224786
-10.573623293442537
-10.58788706050811
-10.55200818990303
-10.536488108003999
-10.541123226923958
-10.515711994654717
-10.47055487470817
-10.445849325961088
-10.381390832701477
-10.357576924374463
-10.334001155130718
-10.34066114357941
-10.347254532143616
-10.363781986822179
-10.360144166953956
-10.376542725284416
-10.392777298031572
-10.398849525051256
-10.334861029800743
-10.351512419502734
-10.367997295307706
-10.364317322354628
-10.360674149131082
-10.347067407639772
-10.353596733563373
-10.330060766227739
-10.326760158565461
-10.323492556979806
-10.340257631410008
-10.326855055095908
-10.303586504544949
-10.2605506394995
-10.257945133104505
-10.225365681773459
-10.213112024955723
-10.160980904706166
-10.099371095659103
-10.088377384702513
-10.027493610855487
-10.027218674746932
-10.026946487999462
-10.056677023119468
-10.056110252888272
-10.085549150359391
-10.074693658855796
-10.063946722267238
-10.043307255044565
-10.07287418249412
-10.092145440669178
-10.111223986262486
-10.180111746399861
-10.148310628935862
-10.116827522646503
-10.155659247420038
-10.134102654945838
-10.10276162839638
-10.061734012112415
-10.101116671991292
-10.09010550527138
-10.049204450218665
-10.07871240571648
-10.057925281659315
-10.06734602884272
-10.066672568554294
-10.106005842868752
-10.084945784440064
-10.064096326595664
-10.123455363329708
-10.152220809696411
-10.170698601599446
-10.138991615583452
-10.137601699427616
-10.14622568243334
-10.114763425609006
-10.113615791352915
-10.122479633439385
-10.12125483710499
-10.08004228873394
-10.079241865846601
-10.058449447188135
-10.087864952716254
-10.10698630318909
-10.1159164401572
-10.124757275755627
-10.153509702998072
-10.121974605968092
-10.120754859908411
-10.149547311309327
-10.188051838196234
-10.20617131981427
-10.234109606616128
-10.231768510549966
-10.239450825444464
-10.247056317190019
-10.244585754018118
-10.212139896477938
-10.250018497513159
-10.277518312538028
-10.304743129412648
-10.311695698118521
-10.328578741137335
-10.355292953725963
-10.331740024188703
-10.348422623946815
-10.344938397707347
-10.351489013730273
-10.31797412359297
-10.30479438235704
-10.291746438533469
-10.278828974148134
-10.306040684406653
-10.302980277562586
-10.299950474786959
-10.30695097003909
-10.303881460338697
-10.30084264573531
-10.297834219277956
-10.314855877085176
-10.321707318314322
-10.288490245131179
-10.285605342679867
-10.302749289253068
-10.329721796360538
-10.366424578396932
-10.392760332612964
-10.418832729286835
-10.424644401993966
-10.400397957974027
-10.376393978394287
-10.392630038610342
-10.388703738224239
-10.394816700841995
-10.380868533833574
-10.397059848495237
-10.403089250010284
-10.389058357510182
-10.35516777393508
-10.32161609619573
-10.298399935233771
-10.265415935881434
-10.282761776522618
-10.28993415875739
-10.207034817169816
-10.254964468998118
-10.262414824308136
-10.279790676065053
-10.246992769304402
-10.28452284161136
-10.311677613195247
-10.328560837063293
-10.325275228692659
-10.312022476405732
-10.318902251641674
-10.305713229125256
-10.322656096834002
-10.279429535865663
-10.276635240507007
-10.293868888101937
-10.280930199220917
-10.228120897228708
-10.23583968825642
-10.213481291373855
-10.231346478460114
-10.249033013675513
-10.236542683538758
-10.21417725670337
-10.182035484136337
-10.150215129294974
-10.118712978002025
-10.107525848222004
-10.126450589739783
-10.155186083842386
-10.163634223003962
-10.191997880773924
-10.140077901966185
-10.098677122946524
-10.117690351717059
-10.066513448199888
-10.05584831371789
-9.99528983058071
-9.975336932274903
-10.005583562952154
-9.995527727322632
-10.035572450049406
-10.045216725548912
-10.044764558293423
-10.064316912710488
-10.063673743583383
-10.043037006147548
-10.022606636086072
-10.052380569725212
-10.02185676402796
-10.001638196387681
-10.011621814423803
-10.061505596279565
-10.030890540316769
-9.990581634913601
-10.030675818564466
-9.980369060378822
-9.970565369775032
-9.950859716077282
-9.971351118916509
-9.971637607727343
-10.001921231650071
-10.00190201933357
-9.991882999140234
-9.991964169148831
-9.962044527457342
-9.902424082182767
-9.883399841360939
-9.924565842947331
-9.965320184517859
-9.96566698267268
-9.916010312845954
-9.896850209717494
-9.877881707620318
-9.899102890544114
-9.920111861638672
-9.970910743022285
-10.001201635592063
-10.021189619236141
-9.98097772304378
-10.031167945813342
-10.06085626635521
-10.070247703691656
-10.09954522665474
-10.068549774388194
-10.067864276644311
-10.027185633877869
-10.00691377753909
-9.9668446397637
-9.967176193366063
-9.967504431432403
-9.99782938711808
-9.967851093246898
-9.99817258231443
-9.998190856491284
-10.038208947926371
-10.037826858447106
-10.097448589862635
-10.086474103964008
-10.085609362924368
-10.104753269295124
-10.143705736602174
-10.192268679236152
-10.20034599244379
-10.208342532519351
-10.186259107194157
-10.214396516122216
-10.222252550960993
-10.260030025451384
-10.22742972519687
-10.225155427944902
-10.222903873665452
-10.230674834928797
-10.268368086579509
-10.195684405713713
-10.183727561656577
-10.151890286040011
-10.15037138317961
-10.168867669347813
-10.167178992654335
-10.185507202727791
-10.213652130700513
-10.191515609393509
-10.189600453299573
-10.197704448766576
-10.135727404278908
-10.08437013023612
-10.083526428933759
-10.112691164644422
-10.141564252997979
-10.150148610467998
-10.158647124363316
-10.177060653119682
-10.205290046588486
-10.1632371461226
-10.161604774661374
-10.20998872691476
-10.227888839645612
-10.225609951249155
-10.243353851736662
-10.250920313219295
-10.288411110087102
-10.295526998986231
-10.292571728996368
-10.329646011706405
-10.356349551589341
-10.372786056073446
-10.38905819551271
-10.405167613557582
-10.361115937422007
-10.337504778047787
-10.30412973026731
-10.301088432964637
-10.238077548634989
-10.225696773148638
-10.283439805417151
-10.33060540736298
-10.33729935328935
-10.333926359756456
-10.33058709615889
-10.3172812251973
-10.304108412945327
-10.301067328815874
-10.288056655527715
-10.305176088972436
-10.29212432808271
-10.339203084801884
-10.335811053953865
-10.332452943414326
-10.259128413980182
-10.25653712984038
-10.203971758541977
-10.171932040956557
-10.19021272054699
-10.18831059334152
-10.226427487408104
-10.254163212534024
-10.251621580408683
-10.259105364604595
-10.28651431095855
-10.253649167848964
-10.251112676170473
-10.238601549408768
-10.216215533914681
-10.184053378575534
-10.212212844789779
-10.190090716341881
-10.188189809178462
-10.176307911086678
-10.204544831975811
-10.232499383656053
-10.230174389819492
-10.237872645921296
-10.235493919462083
-10.243138980267462
-10.270707590464788
-10.278000514560139
-10.295220509414536
-10.32226830432039
-10.329045621277185
-10.315755165064413
-10.272597613413769
-10.23987163727963
-10.257472920906833
-10.184898191697764
-10.133049209780786
-10.101718717682978
-10.100701530506148
-10.119694515201086
-10.108497570049074
-10.077412594348583
-10.046638468405098
-10.026172083721047
-10.035910362883836
-10.045551259254998
-10.075095746662448
-10.044344789195824
-10.033901341303865
-10.023562327890826
-10.043326704611916
-10.072893437565797
-10.03216450319014
-10.051842858158238
-10.071324429576656
-10.04061118528089
-10.04020507342808
-10.039803022693798
-10.01940499246686
-10.019210942542191
-9.99901883311677
-9.969028644785602
-9.929338358337747
-9.930044974754368
-9.890744525006825
-9.891837079756757
-9.872918708959189
-9.854189521869596
-9.7856476266509
-9.78779115038439
-9.749913238880547
-9.762414106491741
-9.784789965426823
-9.816942065772555
-9.758772645114828
-9.751184918663679
-9.743673069477042
-9.746236338782271
-9.768773975394447
-9.751086235640503
-9.753575373284098
-9.756039619551258
-9.778479223355744
-9.710694431122185
-9.673587486810964
-9.686851611942854
-9.699983095823425
-9.732983264865192
-9.73565343221654
-9.738296897894374
-9.690913928915432
-9.664004789626278
-9.647364741730014
-9.650891094312714
-9.664382183369586
-9.64773836153589
-9.59126097792053
-9.575348368141325
-9.589594884459911
-9.603698935615311
-9.617661946259158
-9.581485326796567
-9.555670473528602
-9.560113768793316
-9.554512631105384
-9.54896750479433
-9.563477829746386
-9.557843051448922
-9.562264620934432
-9.556641974725087
-9.531075554977837
-9.535764799428058
-9.540407151433778
-9.55500307991944
-9.529453049120246
-9.544158518629043
-9.558716933442753
-9.553129764108325
-9.567598466467242
-9.491922481802568
-9.497003256984542
-9.492033224414696
-9.477112892170549
-9.472341763248844
-9.437618345616356
-9.413242162160191
-9.429109740538589
-9.454818643133203
-9.47027045670187
-9.445567752134853
-9.431112074613504
-9.436800953867369
-9.462432944328695
-9.457808614885408
-9.503230528736555
